Graph Coloring - v1.0.0
Graph Representation: Compressed Sparse Row
Coloring Algorithm: Parallel Jones-Plassmann (CUDA) 

Loading graph from /home/cardone/Desktop/graphs/gra/rgg_n_2_15_s0.gra
Graph succesfully loaded from file.
V: 32768, E: 320480, maxD: 24, minD: 0, avgD: 9.78027
Init time [ms]: 12.856
========================================================
1	num-cols: 20 	========================================================
2	num-cols: 20 	========================================================
3	num-cols: 20 	========================================================
4	num-cols: 20 	========================================================
5	num-cols: 20 	========================================================
6	num-cols: 20 	========================================================
7	num-cols: 20 	========================================================
8	num-cols: 20 	========================================================
9	num-cols: 20 	========================================================
10	num-cols: 20 	========================================================
11	num-cols: 20 	========================================================
12	num-cols: 20 	========================================================
13	num-cols: 20 	========================================================
14	num-cols: 20 	========================================================
15	num-cols: 20 	========================================================
16	num-cols: 20 	========================================================
17	num-cols: 20 	========================================================
18	num-cols: 20 	========================================================
19	num-cols: 20 	========================================================
20	num-cols: 20 	========================================================
Timings [ms]
Avg random vector initialization time: 0.1715
Avg allocation time: 0.25065
Avg upload time: 0.16795
Avg process time: 0.67165
Avg download time: 0.02535
Avg total time: 1.1156
Inner total time (start to end function): 101.666
Reset total time: 3.43
Process total time: 22.312
Avg number colors: 20
Colors per iteration:
iter 0: 3316 6657 9969 13273 16460 19506 22345 24897 27165 29018 30417 31396 32032 32411 32597 32693 32733 32754 32764 32768
iter 1: 3316 6657 9969 13273 16460 19506 22345 24897 27165 29018 30417 31396 32032 32411 32597 32693 32733 32754 32764 32768
iter 2: 3316 6657 9969 13273 16460 19506 22345 24897 27165 29018 30417 31396 32032 32411 32597 32693 32733 32754 32764 32768
iter 3: 3316 6657 9969 13273 16460 19506 22345 24897 27165 29018 30417 31396 32032 32411 32597 32693 32733 32754 32764 32768
iter 4: 3316 6657 9969 13273 16460 19506 22345 24897 27165 29018 30417 31396 32032 32411 32597 32693 32733 32754 32764 32768
iter 5: 3316 6657 9969 13273 16460 19506 22345 24897 27165 29018 30417 31396 32032 32411 32597 32693 32733 32754 32764 32768
iter 6: 3316 6657 9969 13273 16460 19506 22345 24897 27165 29018 30417 31396 32032 32411 32597 32693 32733 32754 32764 32768
iter 7: 3316 6657 9969 13273 16460 19506 22345 24897 27165 29018 30417 31396 32032 32411 32597 32693 32733 32754 32764 32768
iter 8: 3316 6657 9969 13273 16460 19506 22345 24897 27165 29018 30417 31396 32032 32411 32597 32693 32733 32754 32764 32768
iter 9: 3316 6657 9969 13273 16460 19506 22345 24897 27165 29018 30417 31396 32032 32411 32597 32693 32733 32754 32764 32768
iter 10: 3316 6657 9969 13273 16460 19506 22345 24897 27165 29018 30417 31396 32032 32411 32597 32693 32733 32754 32764 32768
iter 11: 3316 6657 9969 13273 16460 19506 22345 24897 27165 29018 30417 31396 32032 32411 32597 32693 32733 32754 32764 32768
iter 12: 3316 6657 9969 13273 16460 19506 22345 24897 27165 29018 30417 31396 32032 32411 32597 32693 32733 32754 32764 32768
iter 13: 3316 6657 9969 13273 16460 19506 22345 24897 27165 29018 30417 31396 32032 32411 32597 32693 32733 32754 32764 32768
iter 14: 3316 6657 9969 13273 16460 19506 22345 24897 27165 29018 30417 31396 32032 32411 32597 32693 32733 32754 32764 32768
iter 15: 3316 6657 9969 13273 16460 19506 22345 24897 27165 29018 30417 31396 32032 32411 32597 32693 32733 32754 32764 32768
iter 16: 3316 6657 9969 13273 16460 19506 22345 24897 27165 29018 30417 31396 32032 32411 32597 32693 32733 32754 32764 32768
iter 17: 3316 6657 9969 13273 16460 19506 22345 24897 27165 29018 30417 31396 32032 32411 32597 32693 32733 32754 32764 32768
iter 18: 3316 6657 9969 13273 16460 19506 22345 24897 27165 29018 30417 31396 32032 32411 32597 32693 32733 32754 32764 32768
iter 19: 3316 6657 9969 13273 16460 19506 22345 24897 27165 29018 30417 31396 32032 32411 32597 32693 32733 32754 32764 32768

Test time [ms]:11.302
Program duration [ms]: 136.697