Graph Coloring - v1.0.0
Graph Representation: Compressed Sparse Row
Coloring Algorithm: Parallel Jones-Plassmann (CUDA) Min-Max Independent Sets

Loading graph from /home/cardone/Desktop/graphs/gra/FEM_3D_thermal2.gra
Graph succesfully loaded from file.
V: 147900, E: 3341400, maxD: 26, minD: 11, avgD: 22.5923
Init time [ms]: 115.406
========================================================
1	num-cols: 36 	========================================================
2	num-cols: 36 	========================================================
3	num-cols: 36 	========================================================
4	num-cols: 36 	========================================================
5	num-cols: 36 	========================================================
6	num-cols: 36 	========================================================
7	num-cols: 36 	========================================================
8	num-cols: 36 	========================================================
9	num-cols: 36 	========================================================
10	num-cols: 36 	========================================================
11	num-cols: 36 	========================================================
12	num-cols: 36 	========================================================
13	num-cols: 36 	========================================================
14	num-cols: 36 	========================================================
15	num-cols: 36 	========================================================
16	num-cols: 36 	========================================================
17	num-cols: 36 	========================================================
18	num-cols: 36 	========================================================
19	num-cols: 36 	========================================================
20	num-cols: 36 	========================================================
Timings [ms]
Avg random vector initialization time: 0.755
Avg allocation time: 0.2528
Avg upload time: 1.2476
Avg process time: 1.27505
Avg download time: 0.0978
Avg total time: 2.87325
Inner total time (start to end function): 117.733
Reset total time: 15.1
Process total time: 57.465
Avg number colors: 36
Colors per iteration:
iter 0: 13045 26069 39239 52266 65203 78002 90541 102786 114406 124924 133850 140609 144765 146842 147626 147849 147893 147900
iter 1: 13045 26069 39239 52266 65203 78002 90541 102786 114406 124924 133850 140609 144765 146842 147626 147849 147893 147900
iter 2: 13045 26069 39239 52266 65203 78002 90541 102786 114406 124924 133850 140609 144765 146842 147626 147849 147893 147900
iter 3: 13045 26069 39239 52266 65203 78002 90541 102786 114406 124924 133850 140609 144765 146842 147626 147849 147893 147900
iter 4: 13045 26069 39239 52266 65203 78002 90541 102786 114406 124924 133850 140609 144765 146842 147626 147849 147893 147900
iter 5: 13045 26069 39239 52266 65203 78002 90541 102786 114406 124924 133850 140609 144765 146842 147626 147849 147893 147900
iter 6: 13045 26069 39239 52266 65203 78002 90541 102786 114406 124924 133850 140609 144765 146842 147626 147849 147893 147900
iter 7: 13045 26069 39239 52266 65203 78002 90541 102786 114406 124924 133850 140609 144765 146842 147626 147849 147893 147900
iter 8: 13045 26069 39239 52266 65203 78002 90541 102786 114406 124924 133850 140609 144765 146842 147626 147849 147893 147900
iter 9: 13045 26069 39239 52266 65203 78002 90541 102786 114406 124924 133850 140609 144765 146842 147626 147849 147893 147900
iter 10: 13045 26069 39239 52266 65203 78002 90541 102786 114406 124924 133850 140609 144765 146842 147626 147849 147893 147900
iter 11: 13045 26069 39239 52266 65203 78002 90541 102786 114406 124924 133850 140609 144765 146842 147626 147849 147893 147900
iter 12: 13045 26069 39239 52266 65203 78002 90541 102786 114406 124924 133850 140609 144765 146842 147626 147849 147893 147900
iter 13: 13045 26069 39239 52266 65203 78002 90541 102786 114406 124924 133850 140609 144765 146842 147626 147849 147893 147900
iter 14: 13045 26069 39239 52266 65203 78002 90541 102786 114406 124924 133850 140609 144765 146842 147626 147849 147893 147900
iter 15: 13045 26069 39239 52266 65203 78002 90541 102786 114406 124924 133850 140609 144765 146842 147626 147849 147893 147900
iter 16: 13045 26069 39239 52266 65203 78002 90541 102786 114406 124924 133850 140609 144765 146842 147626 147849 147893 147900
iter 17: 13045 26069 39239 52266 65203 78002 90541 102786 114406 124924 133850 140609 144765 146842 147626 147849 147893 147900
iter 18: 13045 26069 39239 52266 65203 78002 90541 102786 114406 124924 133850 140609 144765 146842 147626 147849 147893 147900
iter 19: 13045 26069 39239 52266 65203 78002 90541 102786 114406 124924 133850 140609 144765 146842 147626 147849 147893 147900

Test time [ms]:59.179
Program duration [ms]: 358.158