Graph Coloring - v1.0.0
Graph Representation: Compressed Sparse Row
Coloring Algorithm: Parallel Jones-Plassmann (CUDA) 

Loading graph from /home/cardone/Desktop/graphs/gra/FEM_3D_thermal2.gra
Graph succesfully loaded from file.
V: 147900, E: 3341400, maxD: 26, minD: 11, avgD: 22.5923
Init time [ms]: 117.091
========================================================
1	num-cols: 44 	========================================================
2	num-cols: 44 	========================================================
3	num-cols: 44 	========================================================
4	num-cols: 44 	========================================================
5	num-cols: 44 	========================================================
6	num-cols: 44 	========================================================
7	num-cols: 44 	========================================================
8	num-cols: 44 	========================================================
9	num-cols: 44 	========================================================
10	num-cols: 44 	========================================================
11	num-cols: 44 	========================================================
12	num-cols: 44 	========================================================
13	num-cols: 44 	========================================================
14	num-cols: 44 	========================================================
15	num-cols: 44 	========================================================
16	num-cols: 44 	========================================================
17	num-cols: 44 	========================================================
18	num-cols: 44 	========================================================
19	num-cols: 44 	========================================================
20	num-cols: 44 	========================================================
Timings [ms]
Avg random vector initialization time: 0.7753
Avg allocation time: 0.25915
Avg upload time: 1.25325
Avg process time: 2.671
Avg download time: 0.097
Avg total time: 4.2804
Inner total time (start to end function): 162.129
Reset total time: 15.506
Process total time: 85.608
Avg number colors: 44
Colors per iteration:
iter 0: 6604 13164 19643 26121 32640 39219 45849 52351 58949 65522 72066 78542 84903 91168 97305 103272 108989 114358 119450 124042 128199 131804 135041 137824 140131 142028 143533 144722 145607 146268 146744 147106 147371 147553 147676 147761 147810 147846 147870 147885 147892 147897 147899 147900
iter 1: 6604 13164 19643 26121 32640 39219 45849 52351 58949 65522 72066 78542 84903 91168 97305 103272 108989 114358 119450 124042 128199 131804 135041 137824 140131 142028 143533 144722 145607 146268 146744 147106 147371 147553 147676 147761 147810 147846 147870 147885 147892 147897 147899 147900
iter 2: 6604 13164 19643 26121 32640 39219 45849 52351 58949 65522 72066 78542 84903 91168 97305 103272 108989 114358 119450 124042 128199 131804 135041 137824 140131 142028 143533 144722 145607 146268 146744 147106 147371 147553 147676 147761 147810 147846 147870 147885 147892 147897 147899 147900
iter 3: 6604 13164 19643 26121 32640 39219 45849 52351 58949 65522 72066 78542 84903 91168 97305 103272 108989 114358 119450 124042 128199 131804 135041 137824 140131 142028 143533 144722 145607 146268 146744 147106 147371 147553 147676 147761 147810 147846 147870 147885 147892 147897 147899 147900
iter 4: 6604 13164 19643 26121 32640 39219 45849 52351 58949 65522 72066 78542 84903 91168 97305 103272 108989 114358 119450 124042 128199 131804 135041 137824 140131 142028 143533 144722 145607 146268 146744 147106 147371 147553 147676 147761 147810 147846 147870 147885 147892 147897 147899 147900
iter 5: 6604 13164 19643 26121 32640 39219 45849 52351 58949 65522 72066 78542 84903 91168 97305 103272 108989 114358 119450 124042 128199 131804 135041 137824 140131 142028 143533 144722 145607 146268 146744 147106 147371 147553 147676 147761 147810 147846 147870 147885 147892 147897 147899 147900
iter 6: 6604 13164 19643 26121 32640 39219 45849 52351 58949 65522 72066 78542 84903 91168 97305 103272 108989 114358 119450 124042 128199 131804 135041 137824 140131 142028 143533 144722 145607 146268 146744 147106 147371 147553 147676 147761 147810 147846 147870 147885 147892 147897 147899 147900
iter 7: 6604 13164 19643 26121 32640 39219 45849 52351 58949 65522 72066 78542 84903 91168 97305 103272 108989 114358 119450 124042 128199 131804 135041 137824 140131 142028 143533 144722 145607 146268 146744 147106 147371 147553 147676 147761 147810 147846 147870 147885 147892 147897 147899 147900
iter 8: 6604 13164 19643 26121 32640 39219 45849 52351 58949 65522 72066 78542 84903 91168 97305 103272 108989 114358 119450 124042 128199 131804 135041 137824 140131 142028 143533 144722 145607 146268 146744 147106 147371 147553 147676 147761 147810 147846 147870 147885 147892 147897 147899 147900
iter 9: 6604 13164 19643 26121 32640 39219 45849 52351 58949 65522 72066 78542 84903 91168 97305 103272 108989 114358 119450 124042 128199 131804 135041 137824 140131 142028 143533 144722 145607 146268 146744 147106 147371 147553 147676 147761 147810 147846 147870 147885 147892 147897 147899 147900
iter 10: 6604 13164 19643 26121 32640 39219 45849 52351 58949 65522 72066 78542 84903 91168 97305 103272 108989 114358 119450 124042 128199 131804 135041 137824 140131 142028 143533 144722 145607 146268 146744 147106 147371 147553 147676 147761 147810 147846 147870 147885 147892 147897 147899 147900
iter 11: 6604 13164 19643 26121 32640 39219 45849 52351 58949 65522 72066 78542 84903 91168 97305 103272 108989 114358 119450 124042 128199 131804 135041 137824 140131 142028 143533 144722 145607 146268 146744 147106 147371 147553 147676 147761 147810 147846 147870 147885 147892 147897 147899 147900
iter 12: 6604 13164 19643 26121 32640 39219 45849 52351 58949 65522 72066 78542 84903 91168 97305 103272 108989 114358 119450 124042 128199 131804 135041 137824 140131 142028 143533 144722 145607 146268 146744 147106 147371 147553 147676 147761 147810 147846 147870 147885 147892 147897 147899 147900
iter 13: 6604 13164 19643 26121 32640 39219 45849 52351 58949 65522 72066 78542 84903 91168 97305 103272 108989 114358 119450 124042 128199 131804 135041 137824 140131 142028 143533 144722 145607 146268 146744 147106 147371 147553 147676 147761 147810 147846 147870 147885 147892 147897 147899 147900
iter 14: 6604 13164 19643 26121 32640 39219 45849 52351 58949 65522 72066 78542 84903 91168 97305 103272 108989 114358 119450 124042 128199 131804 135041 137824 140131 142028 143533 144722 145607 146268 146744 147106 147371 147553 147676 147761 147810 147846 147870 147885 147892 147897 147899 147900
iter 15: 6604 13164 19643 26121 32640 39219 45849 52351 58949 65522 72066 78542 84903 91168 97305 103272 108989 114358 119450 124042 128199 131804 135041 137824 140131 142028 143533 144722 145607 146268 146744 147106 147371 147553 147676 147761 147810 147846 147870 147885 147892 147897 147899 147900
iter 16: 6604 13164 19643 26121 32640 39219 45849 52351 58949 65522 72066 78542 84903 91168 97305 103272 108989 114358 119450 124042 128199 131804 135041 137824 140131 142028 143533 144722 145607 146268 146744 147106 147371 147553 147676 147761 147810 147846 147870 147885 147892 147897 147899 147900
iter 17: 6604 13164 19643 26121 32640 39219 45849 52351 58949 65522 72066 78542 84903 91168 97305 103272 108989 114358 119450 124042 128199 131804 135041 137824 140131 142028 143533 144722 145607 146268 146744 147106 147371 147553 147676 147761 147810 147846 147870 147885 147892 147897 147899 147900
iter 18: 6604 13164 19643 26121 32640 39219 45849 52351 58949 65522 72066 78542 84903 91168 97305 103272 108989 114358 119450 124042 128199 131804 135041 137824 140131 142028 143533 144722 145607 146268 146744 147106 147371 147553 147676 147761 147810 147846 147870 147885 147892 147897 147899 147900
iter 19: 6604 13164 19643 26121 32640 39219 45849 52351 58949 65522 72066 78542 84903 91168 97305 103272 108989 114358 119450 124042 128199 131804 135041 137824 140131 142028 143533 144722 145607 146268 146744 147106 147371 147553 147676 147761 147810 147846 147870 147885 147892 147897 147899 147900

Test time [ms]:61.167
Program duration [ms]: 385.225