Graph Coloring - v1.0.0
Graph Representation: Compressed Sparse Row
Coloring Algorithm: Parallel Jones-Plassmann (CUDA) Min-Max Independent Sets

Loading graph from /home/cardone/Desktop/graphs/gra/large_twitch.gra
Graph succesfully loaded from file.
V: 168114, E: 13595114, maxD: 35279, minD: 1, avgD: 80.8684
Init time [ms]: 438.882
========================================================
1	num-cols: 461 	========================================================
2	num-cols: 465 	========================================================
3	num-cols: 474 	========================================================
4	num-cols: 456 	========================================================
5	num-cols: 483 	========================================================
6	num-cols: 478 	========================================================
7	num-cols: 472 	========================================================
8	num-cols: 475 	========================================================
9	num-cols: 465 	========================================================
10	num-cols: 472 	========================================================
11	num-cols: 475 	========================================================
12	num-cols: 458 	========================================================
13	num-cols: 469 	========================================================
14	num-cols: 461 	========================================================
15	num-cols: 466 	========================================================
16	num-cols: 478 	========================================================
17	num-cols: 472 	========================================================
18	num-cols: 475 	========================================================
19	num-cols: 465 	========================================================
20	num-cols: 464 	========================================================
Timings [ms]
Avg random vector initialization time: 0.8646
Avg allocation time: 0.30155
Avg upload time: 4.829
Avg process time: 1243.73
Avg download time: 0.1088
Avg total time: 1248.97
Inner total time (start to end function): 25068.8
Reset total time: 17.292
Process total time: 24979.4
Avg number colors: 469
Colors per iteration:
iter 0: 23088 36664 47521 56283 63542 70294 75600 80531 84793 88932 92819 96113 99360 102412 105069 107649 109973 112402 114666 116718 118601 120520 122293 123924 125487 126925 128264 129686 130950 132193 133446 134560 135685 136723 137662 138659 139649 140557 141444 142182 142904 143632 144286 144953 145560 146246 146869 147603 148170 148737 149295 149758 150221 150731 151228 151727 152125 152589 153032 153403 153715 154074 154429 154824 155189 155522 155825 156117 156446 156730 157014 157296 157550 157816 158070 158273 158548 158816 159056 159277 159495 159672 159880 160068 160249 160414 160610 160788 160948 161095 161294 161482 161675 161868 162021 162137 162297 162466 162621 162732 162869 162993 163100 163214 163336 163423 163541 163651 163759 163877 163993 164073 164169 164285 164378 164477 164553 164650 164705 164780 164868 164935 165019 165080 165158 165241 165316 165377 165441 165499 165566 165617 165676 165745 165815 165876 165938 166001 166050 166103 166149 166201 166247 166287 166334 166385 166437 166478 166516 166557 166603 166645 166680 166725 166769 166813 166850 166886 166928 166956 166998 167021 167051 167103 167129 167168 167192 167215 167243 167265 167290 167318 167354 167378 167397 167418 167443 167471 167502 167522 167548 167566 167581 167604 167619 167639 167662 167682 167706 167720 167736 167754 167769 167782 167796 167808 167820 167833 167847 167867 167883 167891 167906 167924 167933 167944 167956 167966 167979 167989 167996 168006 168014 168021 168031 168044 168049 168056 168067 168071 168077 168083 168088 168093 168098 168102 168106 168109 168111 168113 168114
iter 1: 22580 36748 47173 55437 63107 69886 75995 81313 85996 90026 94082 97534 100759 103467 106276 108893 111465 113610 115796 117895 119867 121632 123464 125192 126921 128453 129899 131336 132588 133784 135063 136204 137336 138279 139340 140223 141061 141892 142731 143524 144243 144924 145583 146221 146944 147562 148187 148728 149304 149741 150235 150707 151184 151702 152174 152630 153045 153392 153809 154100 154403 154773 155104 155406 155741 156038 156393 156735 156987 157278 157511 157782 158096 158324 158548 158810 159055 159263 159489 159703 159863 160052 160258 160423 160628 160809 160970 161136 161278 161444 161619 161774 161913 162057 162197 162338 162485 162587 162734 162854 162968 163085 163205 163331 163422 163550 163652 163768 163872 163964 164063 164167 164245 164320 164403 164471 164557 164649 164730 164814 164883 164976 165052 165119 165189 165260 165323 165395 165462 165524 165585 165655 165701 165768 165849 165912 165971 166025 166058 166097 166156 166211 166251 166302 166338 166392 166430 166468 166511 166553 166608 166633 166670 166708 166753 166787 166839 166877 166915 166941 166974 167010 167037 167066 167103 167132 167156 167191 167213 167249 167279 167306 167338 167364 167387 167410 167439 167458 167472 167505 167529 167551 167565 167579 167594 167620 167641 167656 167675 167692 167707 167719 167733 167749 167763 167780 167792 167806 167819 167828 167842 167861 167870 167885 167897 167910 167924 167937 167945 167954 167962 167970 167976 167989 167997 168006 168013 168024 168035 168039 168047 168055 168064 168071 168079 168087 168093 168098 168101 168103 168108 168113 168114
iter 2: 22367 36333 46819 55618 62847 69211 75217 80489 84677 88879 92857 96265 99297 102346 104966 107827 110262 112506 114737 116440 118426 120295 121931 123640 125176 126777 128311 129643 130936 132072 133213 134182 135233 136270 137246 138032 138959 139791 140774 141588 142282 142963 143663 144396 145077 145730 146309 146792 147469 148065 148622 149187 149729 150201 150644 151202 151667 152103 152521 152933 153352 153752 154092 154457 154840 155222 155599 155942 156238 156554 156861 157118 157381 157600 157871 158145 158404 158651 158888 159087 159260 159518 159675 159849 160039 160250 160431 160632 160815 160990 161164 161343 161513 161689 161812 161950 162094 162258 162396 162550 162667 162796 162947 163074 163180 163294 163391 163493 163601 163698 163808 163915 164025 164134 164223 164296 164403 164492 164564 164626 164709 164774 164861 164951 165034 165100 165170 165247 165306 165379 165439 165495 165576 165630 165697 165769 165831 165882 165928 165973 166031 166084 166139 166185 166235 166297 166346 166392 166427 166474 166527 166561 166604 166640 166676 166715 166753 166795 166829 166865 166899 166920 166955 166989 167017 167042 167075 167106 167146 167169 167196 167223 167255 167279 167309 167340 167363 167384 167406 167436 167454 167471 167494 167511 167530 167559 167583 167598 167613 167635 167653 167673 167688 167701 167720 167743 167761 167781 167797 167807 167821 167834 167848 167865 167878 167887 167899 167911 167924 167935 167947 167956 167965 167974 167984 167994 168001 168012 168019 168027 168034 168042 168048 168055 168065 168070 168075 168079 168083 168087 168092 168098 168103 168106 168110 168112 168114
iter 3: 22748 36535 46878 55808 63170 69771 75834 80613 85027 89465 93479 96800 100250 103232 106137 108739 111285 113490 115502 117629 119471 121440 123001 124799 126424 127889 129154 130538 131728 132974 134205 135398 136514 137634 138636 139483 140375 141206 142085 142848 143612 144369 144981 145666 146329 146999 147605 148163 148793 149267 149784 150322 150809 151275 151783 152217 152654 153078 153430 153808 154208 154580 154938 155306 155617 155937 156268 156567 156889 157192 157485 157773 158045 158256 158516 158750 158946 159227 159453 159706 159902 160103 160264 160442 160618 160780 160916 161093 161262 161430 161561 161721 161858 162013 162167 162300 162415 162562 162683 162795 162939 163058 163188 163296 163389 163517 163623 163742 163856 163964 164065 164171 164279 164371 164453 164563 164650 164745 164812 164888 164982 165069 165142 165219 165293 165363 165427 165500 165550 165604 165662 165726 165795 165852 165912 165968 166014 166073 166129 166173 166231 166275 166339 166385 166439 166475 166514 166563 166615 166665 166703 166744 166782 166824 166865 166905 166929 166959 166994 167021 167056 167086 167118 167140 167170 167195 167221 167256 167277 167302 167337 167364 167400 167431 167444 167473 167490 167515 167537 167556 167577 167594 167609 167623 167650 167674 167691 167715 167734 167744 167761 167782 167796 167809 167828 167841 167851 167861 167874 167891 167899 167906 167927 167938 167952 167968 167984 167992 168001 168010 168018 168027 168036 168046 168057 168061 168070 168076 168082 168089 168093 168095 168097 168103 168107 168110 168112 168114
iter 4: 21710 35827 46384 55093 62669 69059 74866 80326 84536 88975 92420 96153 99616 102636 105527 108248 110708 112921 115176 117179 119008 120835 122687 124447 125952 127398 128752 129978 131219 132441 133553 134725 135904 136819 137907 138888 139704 140531 141425 142222 142854 143561 144286 145044 145679 146357 147039 147653 148228 148755 149262 149687 150156 150641 151059 151531 151957 152368 152719 153111 153464 153847 154261 154558 154906 155188 155534 155826 156124 156415 156732 157034 157321 157583 157833 158033 158287 158504 158706 158950 159173 159374 159584 159744 159907 160098 160274 160458 160620 160812 161003 161184 161358 161511 161657 161791 161954 162058 162157 162314 162430 162552 162679 162781 162919 163030 163161 163272 163386 163473 163596 163723 163816 163913 164005 164101 164180 164305 164403 164511 164597 164685 164770 164860 164934 164996 165066 165136 165193 165275 165355 165423 165499 165553 165604 165668 165715 165776 165825 165877 165914 165960 166017 166087 166132 166177 166239 166290 166331 166382 166427 166474 166526 166571 166616 166662 166693 166743 166780 166824 166848 166873 166927 166965 166995 167021 167050 167073 167103 167135 167163 167186 167210 167241 167263 167290 167312 167342 167361 167391 167423 167435 167453 167480 167499 167521 167542 167560 167585 167602 167618 167631 167644 167661 167675 167695 167713 167730 167748 167760 167781 167791 167802 167817 167835 167848 167862 167870 167884 167900 167911 167922 167939 167952 167959 167966 167975 167987 167998 168005 168010 168020 168028 168036 168042 168048 168057 168063 168068 168073 168077 168085 168089 168092 168095 168097 168100 168104 168108 168110 168113 168114
iter 5: 22782 36576 46910 55756 64115 70419 76249 81554 86153 90450 94460 97959 101298 104353 106922 109512 112062 114286 116492 118495 120346 122111 123887 125472 126917 128262 129690 131086 132358 133549 134664 135768 136786 137741 138691 139622 140577 141303 142137 142956 143757 144413 145038 145732 146317 146916 147608 148236 148793 149354 149784 150334 150787 151299 151756 152228 152649 153063 153468 153842 154204 154583 154968 155277 155630 155969 156278 156601 156904 157177 157430 157681 157914 158163 158429 158644 158844 159102 159344 159560 159786 160002 160206 160398 160597 160781 160951 161079 161234 161429 161586 161728 161893 162031 162177 162335 162450 162611 162733 162865 163006 163135 163246 163352 163448 163575 163683 163778 163894 163979 164077 164170 164262 164353 164451 164561 164646 164728 164798 164897 165003 165062 165128 165198 165249 165319 165386 165454 165508 165562 165623 165689 165738 165798 165860 165908 165978 166034 166070 166122 166172 166224 166268 166318 166374 166408 166449 166480 166517 166551 166597 166628 166670 166711 166756 166781 166818 166859 166888 166922 166951 166979 167015 167049 167072 167101 167122 167142 167167 167191 167224 167257 167283 167312 167337 167352 167372 167398 167424 167442 167468 167488 167506 167521 167543 167566 167583 167609 167628 167643 167668 167683 167699 167714 167730 167747 167758 167773 167783 167792 167805 167822 167837 167857 167868 167872 167885 167894 167906 167919 167932 167946 167960 167970 167982 167991 168003 168012 168019 168026 168031 168041 168048 168053 168058 168062 168071 168075 168079 168088 168092 168096 168099 168101 168104 168107 168109 168112 168114
iter 6: 22725 36747 46861 56144 63632 70293 75903 81014 85395 89591 93247 96605 99662 102673 105682 108345 110829 113165 115317 117375 119245 121146 122947 124512 126157 127697 129222 130580 131881 133046 134202 135441 136433 137438 138439 139187 140101 140873 141790 142529 143418 144161 144814 145536 146140 146743 147284 147866 148375 148801 149330 149765 150327 150817 151256 151708 152190 152604 153003 153391 153858 154215 154566 154964 155310 155635 155992 156297 156592 156930 157214 157505 157764 158028 158296 158470 158710 158950 159182 159387 159564 159787 159980 160185 160393 160572 160761 160950 161116 161305 161469 161606 161785 161922 162044 162172 162311 162444 162597 162736 162870 162995 163120 163230 163366 163451 163563 163638 163755 163849 163961 164064 164158 164243 164344 164416 164488 164577 164653 164730 164803 164887 164965 165045 165127 165200 165268 165328 165410 165466 165535 165601 165666 165723 165783 165835 165896 165950 166020 166086 166141 166196 166253 166292 166327 166384 166429 166485 166531 166571 166616 166654 166694 166729 166770 166809 166845 166874 166906 166941 166976 167002 167032 167065 167094 167120 167150 167187 167207 167226 167251 167274 167300 167324 167349 167376 167396 167427 167450 167470 167490 167515 167531 167553 167575 167592 167609 167628 167642 167656 167677 167695 167708 167726 167746 167762 167776 167791 167808 167824 167836 167850 167865 167878 167887 167901 167911 167920 167932 167942 167956 167970 167980 167988 167995 168004 168012 168022 168030 168034 168040 168047 168056 168062 168068 168075 168079 168087 168092 168098 168101 168105 168108 168110 168112 168114
iter 7: 22538 36547 47932 56881 64714 70637 76065 81056 85449 89636 93386 97013 100193 103135 105860 108342 110818 113338 115407 117363 119261 121129 122851 124424 126017 127397 128765 130233 131392 132527 133648 134763 135847 136909 137902 138956 139876 140743 141571 142403 143129 143826 144603 145326 145969 146617 147302 147882 148416 148951 149411 149932 150416 150849 151362 151766 152166 152609 153021 153442 153802 154220 154608 155073 155408 155723 156043 156342 156607 156920 157150 157458 157718 157996 158291 158528 158760 158997 159231 159437 159669 159861 160077 160270 160459 160639 160775 160913 161098 161275 161429 161580 161731 161856 161998 162151 162285 162431 162546 162683 162816 162949 163052 163143 163253 163376 163467 163578 163674 163766 163869 163951 164038 164135 164241 164332 164432 164501 164594 164686 164765 164869 164952 165044 165128 165203 165270 165340 165405 165481 165559 165607 165684 165745 165795 165851 165909 165955 166001 166059 166106 166156 166204 166253 166299 166351 166386 166422 166472 166509 166549 166600 166640 166678 166720 166776 166811 166849 166885 166912 166943 166970 167000 167035 167068 167103 167130 167163 167190 167220 167245 167268 167290 167319 167349 167375 167393 167415 167439 167464 167490 167510 167527 167545 167560 167573 167591 167610 167627 167646 167666 167683 167701 167718 167734 167758 167773 167784 167800 167812 167826 167839 167852 167867 167884 167894 167901 167914 167931 167941 167947 167955 167963 167972 167979 167988 168000 168010 168019 168031 168039 168045 168055 168061 168067 168073 168076 168081 168085 168091 168095 168100 168102 168106 168108 168111 168113 168114
iter 8: 23145 35804 47282 56053 63491 69220 75082 80445 85201 89252 92864 96433 99839 103174 105979 108244 110618 112889 115277 117159 119135 121069 122835 124400 125826 127454 128767 130106 131342 132663 133700 134795 135885 136859 137888 138837 139757 140628 141448 142256 143048 143747 144437 145138 145788 146440 147032 147645 148241 148799 149462 149965 150414 150914 151406 151856 152284 152743 153167 153583 153903 154332 154657 154951 155285 155558 155859 156157 156478 156779 157024 157319 157561 157855 158103 158321 158563 158778 158950 159194 159428 159629 159822 160007 160208 160375 160599 160811 160923 161120 161322 161461 161634 161767 161957 162108 162272 162431 162557 162704 162841 162974 163079 163215 163345 163447 163544 163648 163769 163863 163954 164037 164133 164232 164354 164456 164545 164625 164735 164810 164911 164996 165082 165155 165226 165307 165374 165442 165500 165551 165604 165667 165731 165807 165871 165934 166001 166051 166111 166160 166197 166241 166296 166344 166381 166433 166488 166531 166574 166620 166659 166691 166741 166783 166813 166840 166868 166897 166940 166974 167001 167025 167051 167084 167114 167139 167164 167182 167207 167240 167268 167301 167332 167359 167389 167404 167429 167454 167483 167505 167528 167548 167567 167589 167607 167625 167642 167660 167681 167690 167706 167722 167731 167749 167772 167782 167792 167811 167824 167838 167850 167863 167875 167886 167902 167917 167928 167939 167949 167962 167976 167984 167997 168007 168016 168026 168035 168040 168046 168055 168064 168070 168077 168082 168087 168092 168097 168099 168104 168107 168111 168113 168114
iter 9: 21844 34441 45509 53411 61084 68083 73520 78622 83170 87518 91724 95456 98855 101754 104486 106949 109457 112051 114384 116360 118284 120092 121793 123673 125321 126932 128190 129663 130867 132091 133200 134308 135407 136379 137201 138291 139269 140259 141155 141943 142690 143417 144196 144910 145484 146144 146684 147297 147877 148459 149038 149526 150044 150573 151093 151587 152013 152346 152749 153132 153492 153892 154266 154588 154897 155210 155546 155848 156144 156466 156731 156982 157233 157473 157737 157990 158192 158405 158640 158868 159088 159303 159513 159735 159918 160114 160302 160485 160649 160822 160961 161114 161273 161413 161587 161719 161834 161966 162087 162234 162372 162509 162623 162761 162890 163030 163171 163276 163385 163489 163602 163708 163823 163928 164039 164130 164229 164324 164413 164500 164600 164691 164760 164836 164920 165009 165084 165159 165231 165316 165385 165448 165516 165580 165640 165695 165758 165816 165870 165924 165985 166045 166107 166162 166214 166259 166315 166359 166396 166445 166479 166512 166559 166607 166640 166684 166712 166762 166792 166821 166864 166897 166933 166974 167012 167052 167074 167108 167133 167161 167188 167220 167257 167277 167311 167337 167364 167390 167412 167436 167470 167492 167511 167531 167549 167570 167596 167621 167648 167673 167694 167714 167732 167743 167761 167773 167781 167797 167813 167823 167842 167854 167867 167880 167894 167908 167918 167929 167940 167952 167967 167977 167984 167994 168002 168010 168016 168026 168031 168041 168049 168057 168065 168070 168074 168079 168083 168086 168091 168096 168100 168103 168106 168109 168112 168114
iter 10: 22213 35792 46908 55149 62727 68934 74999 80357 85278 89413 93148 96935 100267 103130 105876 108486 110757 112984 115046 116823 118752 120618 122333 123988 125465 127115 128560 129835 131091 132202 133449 134734 135708 136638 137552 138399 139200 140132 141045 141844 142731 143582 144366 145057 145759 146296 146882 147554 148171 148720 149274 149779 150249 150707 151171 151575 152023 152470 152885 153283 153612 154001 154345 154674 155017 155303 155655 155948 156280 156557 156842 157108 157401 157671 157879 158136 158379 158585 158849 159063 159304 159530 159708 159937 160127 160332 160512 160693 160885 161066 161273 161432 161571 161732 161885 162009 162174 162320 162468 162586 162719 162863 162967 163092 163223 163331 163472 163613 163710 163846 163954 164048 164148 164232 164363 164447 164516 164624 164696 164776 164856 164948 165022 165090 165166 165236 165309 165381 165451 165504 165570 165640 165683 165745 165802 165861 165909 165966 166013 166066 166111 166155 166206 166263 166307 166366 166407 166438 166487 166537 166573 166612 166650 166694 166740 166769 166811 166848 166882 166931 166963 166993 167014 167051 167072 167096 167121 167146 167176 167216 167236 167255 167280 167300 167323 167360 167385 167410 167432 167452 167476 167493 167516 167530 167555 167571 167597 167618 167639 167652 167668 167685 167703 167713 167726 167740 167758 167777 167793 167809 167824 167836 167849 167863 167876 167892 167906 167920 167939 167952 167964 167976 167984 167988 167996 168004 168011 168018 168023 168035 168039 168044 168048 168056 168061 168066 168068 168074 168078 168082 168087 168093 168097 168101 168104 168109 168113 168114
iter 11: 21832 35150 45355 54085 61846 68767 74356 80028 84545 88985 92862 96292 99647 102638 105532 108363 110782 113084 115206 117506 119159 120788 122567 124230 125756 127223 128486 129935 131006 132139 133474 134652 135743 136767 137678 138702 139618 140383 141189 142079 142872 143649 144363 145025 145623 146230 146750 147353 147952 148574 149106 149650 150065 150493 150974 151393 151808 152207 152560 152951 153360 153735 154131 154506 154842 155227 155555 155856 156194 156510 156750 157047 157326 157591 157844 158132 158396 158620 158793 159028 159226 159453 159676 159851 160012 160197 160412 160594 160741 160921 161094 161287 161468 161610 161793 161949 162115 162257 162401 162550 162681 162837 162982 163090 163173 163276 163415 163534 163641 163770 163883 163992 164081 164176 164252 164363 164454 164536 164632 164721 164818 164889 164960 165038 165112 165184 165259 165326 165395 165456 165548 165606 165664 165719 165791 165829 165887 165935 166002 166054 166108 166155 166219 166262 166311 166359 166396 166436 166477 166522 166564 166606 166637 166681 166724 166768 166803 166850 166896 166922 166962 166994 167019 167054 167081 167119 167153 167186 167212 167231 167261 167290 167323 167351 167378 167410 167443 167468 167482 167503 167521 167550 167574 167597 167617 167639 167662 167675 167693 167711 167730 167747 167764 167784 167802 167821 167834 167851 167865 167878 167888 167900 167915 167929 167941 167955 167966 167978 167988 167997 168003 168011 168028 168042 168050 168057 168071 168079 168082 168088 168093 168095 168098 168102 168104 168107 168109 168111 168114
iter 12: 22939 36106 46617 55627 63092 70178 76322 81550 86310 90410 94083 97443 100414 103522 106194 108791 111351 113741 115886 117723 119527 121279 122972 124447 125903 127277 128716 130049 131404 132582 133829 134852 135842 136912 137835 138769 139563 140422 141257 142054 142921 143677 144339 144949 145635 146336 146987 147601 148105 148674 149126 149604 150092 150554 151053 151542 151907 152342 152747 153166 153483 153836 154159 154496 154815 155123 155428 155729 156052 156317 156598 156896 157193 157446 157753 158074 158296 158501 158727 158972 159155 159399 159603 159849 160082 160271 160502 160701 160871 161041 161219 161385 161531 161680 161818 161969 162096 162234 162353 162493 162641 162760 162897 163036 163145 163253 163376 163500 163588 163724 163828 163927 164034 164144 164248 164333 164442 164532 164595 164671 164745 164813 164916 164994 165079 165157 165233 165307 165375 165441 165505 165566 165626 165682 165736 165803 165855 165906 165957 166012 166062 166105 166158 166211 166250 166298 166345 166384 166429 166477 166520 166548 166588 166610 166653 166694 166738 166773 166808 166855 166880 166916 166953 166994 167028 167063 167099 167135 167167 167190 167214 167253 167272 167302 167330 167363 167385 167411 167427 167445 167468 167497 167522 167537 167548 167571 167591 167609 167625 167642 167662 167678 167696 167715 167735 167756 167773 167794 167809 167823 167839 167852 167863 167868 167886 167897 167913 167924 167932 167947 167960 167974 167983 167994 168008 168016 168024 168032 168040 168050 168056 168062 168067 168072 168077 168084 168086 168089 168095 168099 168103 168105 168108 168111 168114
iter 13: 22851 37075 47875 56279 63607 70201 75946 80950 85421 89541 93579 96775 99986 103072 105968 108698 110819 113041 115165 117194 119067 120849 122672 124437 125981 127398 129036 130352 131493 132772 133922 135009 136002 137003 137898 138900 139762 140673 141600 142362 143024 143775 144440 145040 145709 146334 146882 147529 148162 148733 149263 149749 150245 150778 151209 151734 152112 152519 152945 153381 153780 154156 154518 154810 155146 155460 155762 156058 156285 156501 156744 156995 157291 157533 157780 158052 158260 158509 158756 158974 159235 159467 159700 159976 160171 160395 160599 160777 160952 161110 161297 161448 161598 161769 161914 162078 162253 162395 162534 162661 162779 162912 163036 163175 163307 163459 163579 163685 163803 163900 164003 164131 164253 164361 164445 164541 164634 164714 164802 164901 164977 165059 165142 165201 165280 165354 165421 165487 165570 165650 165713 165770 165844 165915 165970 166013 166079 166126 166177 166223 166271 166312 166351 166396 166442 166478 166520 166553 166603 166631 166659 166693 166726 166763 166797 166843 166874 166901 166923 166959 166987 167015 167040 167076 167104 167135 167167 167197 167232 167254 167284 167305 167332 167355 167378 167406 167438 167461 167491 167515 167533 167551 167576 167591 167618 167637 167657 167675 167696 167712 167725 167742 167763 167773 167795 167807 167818 167829 167846 167858 167870 167885 167893 167905 167915 167928 167940 167951 167959 167976 167985 167995 168003 168010 168020 168031 168035 168040 168051 168058 168064 168074 168078 168087 168091 168096 168100 168104 168110 168113 168114
iter 14: 23318 36903 47619 56368 63386 70026 75682 80147 84514 88600 92769 96095 99346 102551 105629 108237 110690 113040 115245 117412 119409 121221 123090 124807 126489 128074 129543 130826 132055 133283 134370 135513 136546 137533 138566 139496 140448 141341 142179 142927 143710 144464 145190 145872 146551 147146 147739 148231 148700 149179 149793 150218 150718 151191 151680 152075 152468 152892 153309 153667 153998 154298 154621 154962 155331 155651 155929 156183 156521 156824 157128 157389 157620 157935 158179 158419 158621 158827 159033 159247 159424 159661 159866 160054 160259 160444 160648 160809 160935 161098 161257 161416 161565 161739 161878 162019 162170 162311 162450 162570 162691 162816 162928 163079 163188 163309 163404 163526 163636 163738 163822 163936 164007 164105 164217 164327 164418 164502 164600 164679 164797 164876 164956 165031 165102 165185 165258 165331 165405 165473 165543 165607 165664 165721 165776 165828 165867 165914 165975 166031 166087 166139 166196 166254 166298 166349 166401 166446 166484 166531 166558 166597 166649 166696 166731 166774 166813 166855 166890 166929 166973 166997 167028 167055 167083 167118 167152 167182 167211 167237 167261 167285 167316 167343 167371 167397 167418 167445 167466 167485 167508 167530 167553 167567 167586 167600 167623 167635 167657 167677 167691 167709 167727 167744 167751 167763 167778 167793 167810 167827 167844 167862 167873 167887 167899 167913 167926 167934 167948 167958 167970 167976 167987 168000 168008 168017 168025 168031 168039 168045 168054 168060 168069 168074 168082 168087 168094 168098 168101 168105 168108 168111 168114
iter 15: 22388 35828 46971 55551 63310 69582 75497 80738 85346 89516 93852 97194 100795 103843 106589 108872 111198 113528 115451 117566 119464 121196 122914 124554 126082 127728 129268 130688 132008 133198 134386 135583 136722 137715 138623 139585 140485 141298 142126 142917 143613 144355 144942 145553 146222 146932 147563 148187 148804 149395 149998 150499 150953 151430 151904 152290 152696 153111 153540 153972 154327 154707 155110 155483 155821 156130 156460 156742 157014 157302 157589 157864 158128 158383 158615 158824 159019 159279 159511 159727 159948 160116 160310 160475 160684 160840 161016 161199 161350 161547 161677 161812 161958 162099 162237 162382 162518 162652 162790 162913 163039 163172 163283 163404 163503 163605 163704 163797 163885 163986 164087 164175 164284 164360 164434 164506 164598 164686 164763 164868 164951 165019 165086 165142 165223 165300 165367 165428 165481 165555 165625 165666 165720 165791 165857 165897 165947 165995 166033 166072 166112 166159 166203 166252 166303 166353 166386 166425 166463 166512 166544 166589 166632 166667 166711 166745 166777 166815 166839 166874 166911 166938 166979 167012 167043 167077 167092 167115 167137 167161 167191 167216 167242 167271 167295 167325 167344 167361 167382 167404 167428 167445 167461 167485 167510 167528 167544 167568 167588 167608 167634 167655 167675 167697 167712 167729 167746 167761 167776 167787 167801 167817 167832 167849 167856 167872 167883 167895 167907 167918 167929 167940 167955 167961 167969 167978 167986 167996 168007 168015 168022 168031 168043 168052 168057 168062 168071 168078 168084 168088 168091 168096 168098 168100 168103 168106 168108 168112 168114
iter 16: 22232 36257 46969 55882 63322 70041 75780 81018 85588 89982 94025 97640 100980 103400 106109 108922 111391 113235 115425 117351 119402 121275 123061 124656 126309 127864 129260 130589 131844 133046 134281 135415 136578 137558 138568 139631 140506 141265 141978 142739 143541 144173 144894 145626 146251 146887 147525 148127 148680 149194 149734 150233 150705 151238 151623 152030 152454 152820 153201 153579 153956 154297 154717 155034 155357 155735 156061 156364 156636 156957 157201 157442 157702 157917 158164 158345 158566 158772 158981 159185 159427 159644 159875 160079 160320 160504 160706 160885 161066 161216 161385 161540 161701 161888 162047 162209 162333 162456 162596 162707 162827 162952 163077 163189 163318 163462 163566 163708 163803 163932 164030 164139 164234 164306 164403 164493 164573 164660 164718 164790 164869 164945 165003 165073 165144 165218 165290 165368 165444 165505 165564 165632 165684 165732 165807 165857 165908 165946 166002 166065 166110 166168 166219 166269 166312 166361 166404 166451 166500 166556 166589 166623 166662 166704 166738 166767 166816 166860 166890 166935 166976 166999 167035 167060 167093 167117 167146 167184 167212 167232 167252 167275 167297 167323 167352 167384 167411 167442 167454 167472 167491 167515 167543 167561 167587 167607 167630 167656 167671 167689 167709 167726 167748 167762 167779 167797 167807 167817 167834 167845 167852 167866 167881 167899 167915 167926 167937 167946 167956 167968 167976 167990 168001 168012 168021 168033 168040 168044 168049 168059 168063 168067 168069 168073 168078 168081 168085 168089 168093 168098 168101 168104 168108 168110 168112 168114
iter 17: 22211 36010 46222 54862 61886 68732 74855 79959 84478 89027 92950 96643 100064 103089 105958 108743 111289 113673 115694 117694 119445 121222 123038 124577 126096 127425 128950 130184 131282 132524 133617 134825 136027 137089 138066 139005 139954 140709 141600 142402 143201 143791 144575 145293 145966 146578 147192 147762 148373 148917 149466 149893 150456 150913 151345 151779 152165 152592 153052 153455 153815 154231 154559 154921 155248 155511 155845 156174 156487 156733 156996 157258 157540 157785 157998 158214 158440 158663 158935 159132 159325 159528 159727 159961 160182 160366 160580 160765 160907 161078 161257 161400 161530 161714 161875 161999 162153 162284 162435 162589 162746 162839 162956 163080 163193 163309 163409 163507 163618 163732 163818 163930 164009 164099 164217 164321 164397 164488 164557 164628 164700 164787 164882 164965 165048 165125 165187 165255 165305 165375 165431 165485 165574 165626 165697 165753 165805 165848 165909 165970 166023 166072 166131 166178 166233 166283 166330 166374 166413 166458 166492 166546 166582 166614 166642 166677 166721 166755 166800 166821 166858 166898 166937 166966 167001 167036 167056 167090 167123 167145 167181 167211 167238 167259 167290 167302 167318 167342 167364 167405 167432 167461 167485 167500 167512 167528 167550 167568 167581 167600 167616 167634 167652 167673 167692 167710 167724 167743 167752 167768 167779 167792 167809 167826 167839 167852 167859 167873 167886 167899 167908 167921 167937 167947 167956 167965 167974 167984 167992 168003 168014 168021 168034 168043 168049 168057 168061 168072 168079 168085 168090 168095 168101 168105 168109 168111 168113 168114
iter 18: 22198 35090 45385 53572 60228 66948 73016 77855 82755 87272 91317 94571 97951 101335 104276 107184 109953 112117 114353 116364 118160 120212 122146 123977 125405 126930 128156 129645 130919 132127 133275 134381 135555 136687 137606 138626 139453 140353 141289 142046 142774 143535 144231 144876 145585 146257 146857 147444 147955 148611 149164 149574 150043 150538 151039 151459 151917 152377 152782 153225 153617 153959 154271 154621 154978 155316 155682 156020 156341 156626 156968 157257 157517 157776 158059 158283 158553 158763 158971 159193 159423 159629 159829 159997 160184 160368 160542 160727 160929 161126 161270 161451 161590 161756 161925 162104 162252 162359 162494 162614 162761 162898 163012 163112 163205 163306 163425 163564 163677 163770 163883 163994 164105 164205 164322 164421 164503 164587 164694 164792 164883 164962 165038 165105 165184 165258 165335 165406 165473 165537 165595 165653 165714 165774 165838 165886 165936 165977 166029 166091 166139 166206 166262 166304 166350 166403 166448 166493 166539 166580 166609 166645 166679 166713 166746 166781 166813 166853 166898 166940 166984 167011 167046 167087 167119 167149 167177 167213 167236 167266 167289 167313 167339 167364 167388 167422 167438 167463 167489 167511 167529 167545 167570 167588 167611 167633 167654 167675 167687 167704 167719 167741 167754 167766 167779 167795 167819 167835 167846 167867 167883 167895 167912 167923 167934 167945 167954 167960 167969 167983 167994 168003 168010 168018 168029 168034 168040 168048 168055 168059 168063 168069 168074 168081 168084 168089 168095 168099 168104 168107 168111 168113 168114
iter 19: 21663 34604 45361 53371 61150 68210 74482 79649 83708 88241 92234 95922 99106 102030 105015 107763 110506 112639 114747 116825 118771 120643 122358 124118 125730 127139 128596 129974 131423 132457 133439 134369 135521 136423 137502 138463 139433 140313 141111 141835 142605 143405 144140 144814 145470 146149 146810 147459 147917 148458 148953 149493 149968 150433 150826 151306 151707 152197 152630 152979 153334 153737 154090 154467 154757 155085 155380 155733 156039 156364 156645 156905 157200 157381 157649 157938 158173 158396 158641 158831 159077 159306 159508 159713 159892 160057 160272 160451 160640 160809 160989 161133 161303 161462 161634 161796 161957 162087 162252 162377 162547 162711 162850 162980 163092 163225 163341 163446 163551 163641 163762 163866 163970 164086 164191 164289 164402 164491 164569 164655 164752 164831 164921 164993 165080 165137 165217 165301 165374 165467 165535 165604 165648 165699 165770 165829 165897 165958 166020 166082 166142 166197 166252 166311 166373 166421 166451 166499 166531 166574 166613 166652 166688 166733 166768 166792 166824 166856 166884 166920 166955 166987 167014 167046 167079 167115 167152 167180 167211 167235 167263 167283 167308 167337 167361 167380 167400 167424 167452 167475 167491 167513 167538 167569 167588 167607 167624 167646 167665 167689 167701 167711 167730 167751 167772 167788 167803 167820 167834 167847 167859 167873 167884 167896 167902 167913 167932 167946 167961 167974 167987 168000 168011 168023 168033 168041 168049 168055 168063 168065 168071 168077 168082 168086 168089 168094 168099 168104 168106 168109 168112 168114

Test time [ms]:370.168
Program duration [ms]: 25975.9