Graph Coloring - v1.0.0
Graph Representation: Compressed Sparse Row
Coloring Algorithm: Parallel Jones-Plassmann (CUDA) 

Loading graph from /home/cardone/Desktop/graphs/gra/large_twitch.gra
Graph succesfully loaded from file.
V: 168114, E: 13595114, maxD: 35279, minD: 1, avgD: 80.8684
Init time [ms]: 443.581
========================================================
1	num-cols: 468 	========================================================
2	num-cols: 464 	========================================================
3	num-cols: 469 	========================================================
4	num-cols: 475 	========================================================
5	num-cols: 451 	========================================================
6	num-cols: 479 	========================================================
7	num-cols: 466 	========================================================
8	num-cols: 462 	========================================================
9	num-cols: 486 	========================================================
10	num-cols: 471 	========================================================
11	num-cols: 480 	========================================================
12	num-cols: 461 	========================================================
13	num-cols: 463 	========================================================
14	num-cols: 474 	========================================================
15	num-cols: 476 	========================================================
16	num-cols: 478 	========================================================
17	num-cols: 465 	========================================================
18	num-cols: 473 	========================================================
19	num-cols: 456 	========================================================
20	num-cols: 468 	========================================================
Timings [ms]
Avg random vector initialization time: 0.87685
Avg allocation time: 0.3002
Avg upload time: 4.77425
Avg process time: 2537.15
Avg download time: 0.10805
Avg total time: 2542.33
Inner total time (start to end function): 50936.6
Reset total time: 17.537
Process total time: 50846.7
Avg number colors: 469
Colors per iteration:
iter 0: 10681 19473 27392 33365 39362 44868 49265 53559 57456 61074 64440 67581 70773 73242 75999 78542 80666 83291 85609 87710 89716 91542 93375 95205 97071 98745 100400 102047 103488 104777 106199 107539 108811 109840 111040 112242 113412 114562 115746 116671 117730 118804 119714 120557 121539 122294 123077 123770 124581 125484 126219 126948 127662 128355 129016 129602 130196 130781 131386 132060 132658 133261 133782 134358 134892 135470 135995 136515 137098 137630 138071 138616 139021 139468 139898 140394 140781 141213 141582 141930 142404 142790 143181 143557 143926 144302 144682 145051 145411 145755 146093 146467 146807 147109 147420 147791 148042 148337 148587 148882 149190 149448 149689 149947 150223 150476 150745 150989 151188 151397 151602 151799 152010 152178 152364 152585 152792 152990 153201 153420 153660 153870 154115 154289 154492 154677 154842 155024 155217 155400 155568 155732 155891 156033 156208 156344 156509 156671 156814 156960 157121 157263 157380 157488 157635 157759 157883 158004 158132 158247 158370 158484 158598 158712 158820 158959 159060 159186 159300 159415 159536 159657 159771 159857 159940 160027 160123 160236 160315 160407 160478 160572 160682 160776 160875 160971 161079 161156 161244 161324 161428 161514 161573 161648 161742 161814 161875 161954 162040 162107 162198 162274 162348 162430 162484 162548 162624 162670 162727 162792 162858 162925 162991 163065 163124 163188 163235 163299 163364 163424 163485 163555 163621 163673 163734 163798 163856 163910 163961 164012 164055 164122 164162 164223 164270 164306 164354 164403 164441 164498 164545 164589 164646 164703 164734 164765 164806 164843 164880 164930 164967 164991 165039 165074 165115 165150 165190 165224 165276 165307 165343 165384 165414 165450 165486 165513 165546 165569 165602 165628 165660 165684 165713 165744 165769 165802 165831 165860 165894 165916 165936 165968 165993 166022 166058 166077 166101 166129 166151 166182 166208 166228 166250 166275 166303 166321 166341 166362 166381 166401 166421 166440 166456 166483 166503 166528 166546 166560 166581 166611 166627 166647 166664 166686 166710 166727 166749 166761 166785 166805 166826 166847 166860 166879 166888 166904 166918 166936 166957 166980 166995 167009 167025 167040 167058 167069 167090 167102 167114 167124 167131 167145 167161 167180 167196 167213 167229 167243 167256 167272 167283 167295 167305 167319 167326 167339 167348 167362 167373 167381 167393 167405 167420 167430 167442 167452 167461 167471 167484 167499 167509 167517 167522 167530 167541 167549 167561 167572 167579 167582 167592 167600 167606 167619 167638 167645 167655 167662 167671 167679 167686 167690 167694 167700 167712 167717 167723 167732 167739 167743 167748 167757 167765 167772 167776 167782 167785 167790 167796 167807 167816 167823 167831 167840 167845 167856 167861 167870 167876 167883 167890 167897 167903 167910 167913 167919 167924 167930 167938 167943 167950 167954 167960 167969 167972 167983 167990 167995 168002 168004 168006 168009 168013 168017 168022 168026 168029 168034 168037 168041 168045 168049 168054 168058 168059 168065 168067 168068 168072 168075 168078 168081 168083 168087 168093 168095 168097 168098 168101 168102 168104 168105 168107 168109 168110 168112 168113 168114
iter 1: 11987 21722 29653 36209 41695 47076 51655 56125 60351 63750 67190 70282 73157 75995 78924 81349 83827 86264 88500 90628 92752 94658 96407 98030 99776 101301 102865 104518 105969 107454 108912 110217 111443 112707 113866 115035 116099 117167 118305 119232 120336 121146 122016 122709 123547 124307 125030 125734 126505 127265 127878 128622 129313 129964 130597 131426 132107 132755 133306 133898 134452 134938 135396 135930 136545 137051 137540 138047 138513 138984 139486 139884 140265 140728 141076 141498 141919 142333 142699 143128 143504 143899 144257 144652 145011 145341 145704 146004 146325 146636 146905 147173 147479 147742 148058 148353 148612 148916 149188 149450 149681 149911 150123 150360 150560 150779 151034 151260 151434 151664 151915 152130 152348 152585 152804 153004 153242 153400 153561 153765 153905 154095 154248 154420 154644 154790 154958 155145 155304 155479 155620 155737 155865 156020 156147 156287 156423 156546 156690 156826 156951 157073 157212 157326 157462 157570 157695 157808 157911 158043 158149 158272 158394 158504 158623 158738 158834 158970 159095 159206 159335 159460 159555 159650 159758 159873 159958 160061 160158 160230 160322 160418 160491 160569 160660 160758 160829 160920 160993 161084 161151 161205 161294 161391 161477 161539 161627 161699 161775 161856 161928 162006 162086 162161 162222 162281 162354 162415 162485 162567 162618 162675 162769 162845 162907 162977 163042 163102 163177 163221 163286 163339 163404 163459 163526 163597 163643 163721 163782 163848 163914 163966 164003 164051 164101 164144 164183 164234 164285 164316 164354 164400 164453 164506 164554 164613 164657 164709 164755 164798 164837 164887 164923 164962 164994 165028 165061 165105 165137 165172 165207 165243 165275 165308 165349 165385 165414 165445 165483 165504 165531 165565 165588 165619 165640 165682 165712 165748 165771 165789 165810 165847 165876 165903 165921 165947 165974 166004 166033 166051 166082 166112 166136 166169 166189 166211 166239 166258 166290 166311 166333 166361 166384 166415 166429 166445 166476 166500 166517 166533 166551 166580 166610 166621 166635 166655 166675 166694 166710 166721 166737 166756 166780 166796 166811 166829 166841 166860 166879 166896 166906 166924 166940 166957 166973 166984 167002 167022 167033 167054 167064 167075 167082 167089 167100 167112 167128 167146 167151 167162 167173 167189 167207 167219 167234 167247 167255 167270 167282 167295 167304 167319 167329 167345 167359 167377 167383 167395 167407 167419 167437 167443 167457 167471 167483 167500 167510 167523 167536 167549 167554 167562 167579 167591 167606 167619 167625 167633 167642 167653 167664 167674 167681 167692 167698 167708 167718 167728 167739 167748 167758 167766 167771 167782 167789 167797 167803 167812 167821 167829 167836 167842 167848 167855 167858 167865 167869 167873 167878 167885 167896 167902 167907 167911 167917 167926 167934 167940 167944 167950 167954 167960 167965 167967 167975 167978 167983 167987 167992 167997 168003 168008 168015 168023 168026 168029 168030 168035 168038 168043 168045 168049 168054 168060 168066 168067 168072 168080 168083 168085 168089 168091 168093 168099 168102 168103 168105 168107 168108 168109 168110 168111 168113 168114
iter 2: 11180 20068 27924 34823 40639 45983 50420 54522 58495 62294 65613 69198 72426 75431 77978 80699 83194 85578 87900 90093 92200 94073 95912 97575 99092 100743 102270 103708 105287 106590 107827 109160 110293 111420 112562 113699 114834 115990 117095 118068 119041 119999 120936 121930 122810 123639 124449 125238 126111 126797 127572 128460 129170 129887 130549 131111 131699 132300 132713 133278 133947 134502 135125 135667 136103 136653 137075 137563 138091 138489 138950 139351 139764 140225 140563 140910 141311 141676 142082 142431 142891 143172 143574 143953 144353 144698 145011 145368 145728 146095 146406 146679 146924 147240 147537 147830 148091 148424 148675 148945 149192 149446 149677 149944 150195 150457 150684 150893 151132 151420 151649 151837 152039 152245 152411 152584 152822 153018 153204 153405 153568 153714 153917 154108 154301 154489 154694 154866 155001 155148 155225 155367 155550 155728 155876 156055 156183 156309 156454 156557 156715 156828 156988 157166 157311 157443 157564 157685 157810 157934 158033 158158 158268 158384 158500 158636 158755 158868 158937 159045 159159 159258 159341 159448 159566 159665 159798 159895 160020 160134 160225 160313 160396 160486 160561 160660 160752 160840 160925 161001 161107 161192 161254 161344 161443 161518 161596 161669 161732 161806 161889 161976 162036 162098 162149 162212 162286 162355 162423 162505 162561 162654 162714 162778 162829 162893 162964 163012 163060 163126 163174 163217 163268 163315 163379 163446 163497 163570 163615 163665 163717 163768 163816 163860 163919 163973 164016 164074 164136 164187 164248 164292 164346 164405 164460 164504 164567 164617 164659 164709 164751 164807 164856 164898 164947 164987 165026 165060 165092 165121 165165 165213 165250 165294 165324 165362 165390 165419 165461 165485 165517 165552 165571 165611 165639 165676 165704 165748 165782 165803 165822 165845 165879 165909 165943 165960 165990 166016 166039 166066 166092 166112 166140 166166 166183 166226 166254 166273 166298 166323 166346 166373 166389 166415 166432 166454 166475 166496 166522 166550 166584 166616 166643 166656 166681 166703 166730 166744 166760 166783 166804 166819 166833 166849 166873 166893 166913 166928 166940 166955 166968 166987 167002 167016 167036 167049 167066 167082 167103 167114 167131 167148 167161 167181 167193 167215 167229 167243 167254 167266 167282 167296 167307 167325 167341 167351 167360 167375 167388 167401 167412 167426 167438 167444 167457 167473 167479 167486 167503 167515 167528 167534 167540 167547 167556 167570 167577 167585 167599 167605 167619 167626 167635 167642 167653 167665 167672 167677 167685 167695 167704 167715 167726 167735 167740 167748 167756 167762 167768 167774 167785 167793 167799 167805 167809 167823 167828 167833 167839 167846 167852 167862 167867 167874 167878 167883 167891 167897 167903 167908 167913 167916 167919 167928 167938 167941 167949 167951 167956 167963 167968 167974 167980 167985 167992 167995 168002 168007 168011 168015 168018 168022 168026 168029 168035 168038 168041 168044 168047 168049 168051 168054 168056 168059 168063 168064 168069 168071 168074 168077 168078 168082 168087 168093 168094 168095 168096 168098 168101 168102 168104 168105 168107 168108 168110 168111 168112 168113 168114
iter 3: 10282 19870 27826 34325 40496 45749 50427 54632 58776 62578 65553 68726 71979 75002 77590 80306 82704 85017 87360 89521 91368 93308 95284 97038 98663 100460 102050 103326 104832 106119 107494 108763 109992 111129 112341 113732 114643 115635 116715 117791 118786 119708 120661 121465 122305 123118 123895 124715 125469 126229 127015 127838 128583 129359 130045 130713 131369 132032 132643 133259 133798 134381 134971 135580 136161 136737 137233 137739 138238 138713 139130 139578 140090 140546 140990 141444 141936 142315 142682 143158 143567 143904 144238 144529 144920 145288 145623 145995 146300 146608 146944 147309 147609 147879 148110 148440 148691 148956 149234 149487 149791 150021 150269 150547 150782 151012 151262 151495 151685 151935 152136 152302 152481 152647 152838 153025 153234 153420 153655 153869 154072 154205 154382 154528 154653 154848 155018 155159 155332 155451 155611 155793 155968 156153 156336 156491 156658 156826 156976 157122 157258 157379 157516 157649 157777 157907 158036 158131 158229 158385 158504 158631 158765 158853 158974 159039 159141 159248 159371 159496 159585 159707 159809 159922 160020 160108 160205 160306 160411 160498 160580 160677 160768 160875 160953 161019 161102 161173 161241 161303 161376 161447 161538 161604 161675 161751 161813 161872 161954 162011 162086 162164 162223 162286 162351 162429 162493 162561 162614 162669 162744 162818 162862 162906 162949 162997 163057 163137 163219 163283 163331 163386 163436 163496 163567 163615 163677 163719 163764 163808 163853 163896 163950 164005 164039 164087 164139 164191 164236 164270 164315 164366 164411 164448 164499 164542 164583 164630 164678 164723 164764 164814 164847 164884 164918 164959 164997 165039 165071 165106 165135 165176 165214 165248 165274 165299 165318 165352 165396 165416 165448 165469 165504 165525 165560 165595 165635 165652 165686 165725 165748 165776 165818 165842 165863 165890 165925 165945 165976 166001 166032 166054 166081 166112 166139 166158 166183 166204 166222 166242 166267 166290 166322 166345 166362 166381 166409 166433 166458 166473 166492 166515 166540 166562 166586 166608 166635 166663 166679 166704 166726 166742 166758 166773 166783 166801 166824 166837 166858 166879 166895 166921 166938 166958 166982 166994 167008 167022 167034 167049 167065 167078 167089 167104 167125 167138 167145 167154 167162 167180 167192 167207 167225 167237 167249 167261 167275 167282 167290 167301 167320 167332 167350 167369 167381 167392 167405 167423 167436 167443 167453 167462 167473 167483 167496 167508 167525 167534 167543 167560 167568 167575 167590 167604 167615 167625 167637 167651 167662 167673 167685 167692 167702 167709 167717 167727 167737 167744 167756 167765 167770 167779 167788 167795 167805 167811 167819 167825 167833 167838 167844 167849 167857 167865 167872 167878 167884 167888 167892 167900 167909 167916 167920 167928 167933 167935 167938 167943 167950 167953 167956 167958 167962 167969 167973 167976 167979 167983 167990 167994 168000 168004 168008 168012 168016 168020 168022 168025 168027 168029 168034 168038 168040 168043 168045 168050 168056 168058 168061 168063 168066 168067 168071 168073 168076 168080 168083 168085 168090 168091 168092 168093 168095 168096 168099 168100 168101 168103 168104 168107 168108 168109 168110 168112 168114
iter 4: 12010 21354 28672 35366 41065 45670 50386 54470 58693 62161 65510 68666 71712 74587 77306 80032 82176 84439 86366 87981 90022 91936 93768 95398 97068 98878 100284 101771 103486 104892 106340 107794 108881 110202 111294 112336 113379 114473 115489 116466 117381 118322 119190 119999 120871 121858 122694 123487 124228 124898 125706 126305 126958 127610 128301 128951 129622 130196 130825 131383 131943 132518 133137 133683 134212 134766 135257 135819 136324 136764 137263 137776 138228 138672 139054 139450 139887 140270 140713 141183 141593 141904 142191 142562 142883 143254 143662 143988 144333 144659 145031 145416 145800 146149 146463 146798 147124 147366 147613 147842 148152 148453 148750 149004 149290 149551 149819 150079 150309 150544 150737 150953 151187 151449 151673 151900 152111 152359 152566 152767 152974 153139 153284 153532 153729 153917 154121 154292 154432 154642 154848 155027 155172 155346 155507 155669 155847 155997 156161 156333 156489 156610 156761 156890 157016 157131 157245 157403 157556 157661 157772 157902 158038 158200 158327 158488 158638 158794 158900 159049 159179 159284 159387 159491 159616 159736 159826 159934 160025 160107 160193 160289 160376 160491 160606 160694 160791 160861 160951 161059 161135 161207 161314 161386 161456 161549 161642 161751 161844 161921 162013 162087 162162 162228 162306 162375 162454 162521 162621 162681 162756 162819 162894 162965 163009 163069 163105 163186 163261 163338 163394 163474 163537 163594 163644 163707 163764 163825 163896 163954 164011 164066 164095 164145 164200 164252 164287 164328 164389 164432 164473 164541 164575 164626 164677 164723 164780 164816 164858 164899 164940 164991 165042 165082 165137 165177 165215 165245 165278 165306 165340 165368 165405 165435 165467 165496 165520 165558 165592 165620 165655 165689 165723 165772 165791 165815 165849 165872 165912 165938 165967 166001 166037 166067 166099 166129 166151 166169 166195 166218 166243 166265 166286 166311 166332 166355 166377 166401 166413 166438 166463 166485 166516 166532 166560 166580 166597 166622 166648 166665 166687 166713 166730 166754 166777 166787 166802 166826 166848 166874 166882 166900 166920 166937 166958 166977 166997 167012 167039 167047 167064 167086 167100 167120 167133 167154 167169 167182 167202 167217 167223 167238 167249 167260 167271 167284 167298 167311 167321 167336 167350 167360 167365 167381 167396 167406 167423 167435 167444 167464 167477 167493 167502 167515 167527 167534 167540 167554 167565 167578 167596 167608 167617 167625 167631 167642 167650 167660 167666 167671 167677 167682 167688 167702 167708 167716 167728 167732 167741 167749 167760 167768 167773 167777 167782 167790 167796 167811 167823 167829 167835 167846 167851 167865 167873 167880 167883 167888 167897 167901 167908 167915 167922 167926 167930 167937 167940 167946 167950 167957 167963 167968 167973 167980 167982 167989 167994 167999 168003 168005 168008 168014 168018 168026 168032 168037 168040 168048 168051 168053 168055 168058 168062 168065 168068 168071 168075 168078 168082 168085 168088 168094 168098 168101 168102 168103 168106 168109 168111 168113 168114
iter 5: 10633 19821 26364 32794 38725 43991 48920 53268 57096 60592 64303 67756 70448 73599 76341 79178 81667 83976 86147 87977 89589 91567 93222 94945 96829 98480 99934 101220 102658 104130 105224 106663 107958 109173 110358 111434 112638 113739 114753 115519 116613 117654 118650 119655 120518 121250 122087 122924 123717 124642 125365 126193 126958 127652 128465 129202 129881 130637 131236 131848 132426 133110 133715 134351 134870 135535 136069 136538 137004 137466 137912 138462 138839 139277 139790 140148 140563 140957 141310 141760 142215 142563 142888 143247 143543 143894 144251 144570 144869 145172 145495 145842 146231 146559 146903 147220 147531 147787 148083 148406 148618 148940 149192 149457 149693 149972 150188 150387 150611 150846 151081 151301 151583 151817 152040 152287 152497 152674 152883 153114 153274 153435 153595 153775 153941 154066 154222 154358 154529 154691 154845 155006 155160 155311 155460 155627 155770 155942 156106 156262 156400 156519 156692 156824 156993 157159 157289 157458 157560 157683 157821 157917 158049 158185 158291 158441 158566 158653 158778 158881 159005 159117 159225 159320 159419 159510 159613 159716 159832 159939 160057 160187 160265 160320 160434 160535 160621 160711 160795 160874 160984 161049 161142 161238 161288 161362 161437 161518 161586 161655 161725 161802 161868 161942 162022 162096 162156 162236 162319 162376 162407 162463 162515 162563 162626 162687 162763 162804 162905 162962 163021 163066 163122 163190 163251 163325 163380 163451 163498 163551 163618 163689 163732 163793 163835 163884 163945 163988 164035 164113 164160 164215 164251 164297 164340 164382 164425 164456 164488 164528 164560 164603 164642 164693 164732 164761 164799 164840 164878 164924 164972 165008 165037 165071 165108 165173 165207 165234 165270 165307 165342 165373 165394 165433 165477 165510 165536 165559 165596 165624 165657 165690 165719 165756 165783 165823 165849 165882 165902 165928 165961 165982 166007 166033 166049 166079 166111 166145 166164 166188 166219 166237 166266 166282 166306 166340 166357 166377 166397 166418 166429 166451 166475 166498 166511 166524 166540 166570 166591 166620 166642 166666 166689 166712 166735 166753 166772 166790 166805 166831 166847 166867 166881 166899 166910 166925 166947 166953 166973 166993 167015 167032 167051 167067 167076 167093 167120 167137 167154 167165 167174 167187 167201 167214 167223 167235 167253 167263 167277 167289 167297 167310 167323 167339 167354 167371 167376 167381 167394 167404 167411 167420 167433 167447 167458 167472 167481 167495 167504 167516 167529 167542 167560 167568 167577 167590 167597 167612 167623 167631 167637 167648 167655 167661 167666 167674 167688 167695 167710 167717 167727 167735 167740 167752 167759 167771 167779 167785 167790 167797 167802 167809 167817 167824 167832 167836 167841 167845 167853 167860 167864 167870 167876 167885 167893 167898 167903 167907 167912 167917 167922 167925 167931 167937 167942 167944 167951 167957 167965 167971 167975 167980 167985 167990 167992 167995 168001 168003 168006 168012 168020 168023 168030 168033 168036 168040 168043 168046 168051 168052 168054 168057 168061 168064 168065 168068 168071 168073 168075 168077 168081 168084 168086 168088 168091 168093 168095 168098 168101 168103 168104 168105 168108 168109 168110 168111 168112 168113 168114
iter 6: 11114 20610 28864 35097 40257 45877 50647 55253 59183 62955 66271 69260 72435 75234 78009 80685 83268 85500 87770 90009 92047 94212 96010 97742 99483 101069 102586 104158 105678 107121 108613 109912 111015 112200 113216 114449 115487 116536 117647 118674 119719 120597 121512 122346 123230 124040 125028 125833 126595 127353 128010 128783 129444 130079 130746 131383 131947 132706 133325 133833 134401 134879 135412 135973 136457 136953 137468 137947 138406 138810 139232 139729 140213 140699 141095 141513 141927 142225 142628 143074 143460 143821 144147 144497 144817 145148 145497 145867 146229 146585 146867 147140 147444 147741 148106 148419 148692 148905 149225 149466 149685 149916 150194 150475 150738 150988 151204 151437 151709 151880 152076 152290 152544 152738 152931 153165 153388 153636 153778 153962 154191 154380 154564 154738 154969 155131 155332 155502 155690 155822 155980 156119 156246 156410 156557 156719 156848 156973 157101 157227 157380 157526 157683 157786 157925 158038 158144 158272 158411 158541 158662 158782 158903 159027 159098 159195 159283 159403 159476 159575 159678 159774 159902 159974 160069 160137 160234 160333 160432 160541 160631 160718 160819 160898 160994 161066 161157 161258 161336 161447 161519 161590 161666 161749 161823 161909 161979 162051 162106 162175 162251 162313 162391 162465 162540 162603 162667 162729 162784 162847 162902 162962 163010 163074 163128 163176 163235 163287 163348 163395 163437 163504 163542 163578 163626 163696 163758 163814 163844 163897 163941 163991 164044 164092 164131 164185 164235 164281 164315 164369 164412 164439 164487 164518 164552 164587 164618 164668 164719 164771 164806 164837 164876 164911 164945 164978 165028 165055 165095 165131 165159 165184 165225 165274 165304 165348 165386 165422 165451 165474 165514 165543 165574 165597 165611 165635 165665 165692 165725 165754 165781 165807 165843 165863 165883 165914 165936 165978 166007 166031 166057 166088 166105 166132 166151 166183 166215 166243 166267 166287 166315 166339 166351 166367 166385 166405 166428 166451 166470 166494 166513 166535 166554 166579 166612 166624 166649 166671 166680 166697 166723 166742 166768 166784 166809 166824 166841 166852 166866 166885 166898 166908 166926 166948 166964 166979 166999 167015 167031 167042 167058 167069 167083 167095 167103 167112 167123 167134 167146 167159 167170 167180 167195 167210 167225 167237 167256 167270 167282 167297 167312 167329 167341 167353 167365 167376 167399 167411 167421 167434 167443 167455 167465 167473 167485 167501 167509 167517 167531 167539 167550 167566 167577 167585 167591 167602 167612 167622 167635 167642 167647 167661 167668 167683 167691 167699 167709 167718 167723 167731 167737 167745 167753 167758 167769 167772 167783 167789 167794 167802 167812 167816 167823 167834 167840 167848 167855 167858 167866 167871 167878 167892 167898 167901 167906 167911 167923 167928 167934 167939 167942 167950 167953 167959 167965 167971 167975 167979 167985 167992 167998 168002 168009 168019 168026 168034 168041 168048 168051 168052 168056 168059 168064 168066 168069 168071 168072 168075 168079 168082 168084 168087 168089 168093 168095 168097 168100 168102 168103 168105 168106 168108 168109 168111 168113 168114
iter 7: 11151 19492 27121 33332 38943 44000 48608 52826 56569 59621 63160 66326 69428 72212 74886 77561 80136 82422 84547 86689 88862 90930 92865 94732 96324 97865 99669 101140 102799 104288 105526 106967 108221 109203 110145 111243 112268 113403 114534 115822 116998 117895 118925 119849 120799 121750 122675 123501 124304 124943 125738 126526 127271 127880 128446 129089 129814 130494 131117 131764 132291 132869 133494 134072 134620 135151 135630 136222 136764 137254 137805 138238 138684 139184 139598 140018 140512 140920 141286 141702 142147 142566 142934 143367 143639 143978 144380 144734 145085 145481 145762 146119 146455 146714 146945 147217 147605 147872 148170 148445 148699 148960 149221 149503 149767 150064 150291 150511 150757 150947 151164 151414 151649 151867 152078 152275 152426 152645 152788 152984 153162 153326 153480 153634 153844 154043 154252 154389 154628 154798 154962 155115 155245 155383 155531 155695 155847 156009 156170 156326 156499 156626 156763 156902 157023 157167 157274 157401 157509 157640 157780 157907 158028 158162 158254 158390 158486 158629 158718 158820 158918 159041 159159 159240 159327 159464 159562 159652 159746 159830 159921 160010 160098 160198 160297 160380 160481 160571 160670 160755 160855 160946 161035 161117 161201 161265 161328 161408 161490 161598 161659 161742 161803 161871 161947 162012 162093 162170 162232 162277 162338 162408 162493 162543 162614 162679 162746 162827 162892 162944 163018 163087 163144 163189 163230 163286 163342 163397 163446 163505 163573 163636 163689 163730 163780 163826 163895 163954 164005 164057 164101 164156 164209 164250 164314 164364 164416 164457 164503 164548 164599 164645 164675 164700 164738 164773 164810 164843 164876 164933 164976 165015 165061 165099 165136 165168 165215 165244 165278 165302 165337 165375 165414 165443 165495 165535 165564 165600 165635 165672 165706 165744 165783 165808 165846 165869 165893 165915 165946 165987 166033 166055 166077 166105 166135 166164 166197 166220 166250 166270 166291 166314 166336 166371 166400 166431 166461 166482 166510 166523 166539 166555 166580 166604 166626 166644 166657 166668 166693 166710 166738 166768 166785 166802 166822 166843 166858 166880 166901 166920 166935 166957 166979 166991 167006 167016 167027 167043 167059 167074 167093 167113 167128 167141 167151 167163 167176 167189 167205 167224 167244 167261 167269 167280 167290 167304 167319 167330 167338 167355 167368 167388 167401 167420 167428 167444 167457 167468 167476 167482 167495 167506 167514 167522 167535 167543 167557 167563 167573 167583 167588 167598 167610 167621 167632 167639 167653 167664 167671 167678 167688 167693 167699 167710 167722 167727 167731 167739 167749 167753 167763 167771 167777 167785 167795 167804 167815 167820 167830 167839 167845 167852 167861 167863 167871 167878 167883 167890 167898 167907 167910 167916 167921 167928 167933 167937 167943 167946 167947 167953 167958 167964 167971 167976 167982 167988 167994 167998 168005 168012 168016 168019 168024 168030 168035 168040 168045 168049 168051 168056 168060 168065 168067 168070 168074 168076 168079 168081 168084 168088 168092 168094 168098 168100 168101 168103 168105 168107 168109 168112 168113 168114
iter 8: 11449 20672 27704 34049 40241 44841 49630 53509 57248 60826 64173 67604 70612 73500 75933 78592 81080 83484 85752 88029 89993 91653 93532 95460 97416 99234 100900 102395 103708 105078 106608 107859 109049 110147 111334 112496 113677 114748 115949 116969 118056 119065 120001 120852 121710 122460 123222 124040 124904 125694 126395 127127 127795 128503 129160 129799 130394 131033 131693 132296 132903 133496 134100 134650 135175 135735 136237 136691 137185 137670 138088 138490 138890 139357 139881 140323 140731 141148 141511 141888 142261 142611 142954 143297 143647 143910 144262 144634 144955 145204 145491 145840 146160 146439 146816 147154 147454 147731 147986 148217 148537 148747 149016 149226 149493 149760 149971 150212 150426 150670 150850 151076 151243 151471 151684 151852 152075 152302 152481 152698 152919 153133 153362 153548 153720 153942 154120 154290 154490 154681 154858 155013 155193 155374 155541 155691 155849 155978 156147 156249 156376 156501 156657 156820 156956 157103 157225 157378 157534 157685 157832 157983 158073 158168 158302 158453 158573 158681 158793 158923 159033 159151 159264 159392 159500 159599 159684 159796 159895 159999 160084 160196 160290 160380 160469 160549 160638 160731 160817 160903 160984 161074 161144 161233 161314 161383 161461 161547 161639 161701 161771 161846 161916 161986 162063 162127 162204 162280 162360 162437 162488 162537 162604 162681 162745 162812 162883 162957 163006 163069 163135 163200 163259 163328 163388 163440 163509 163554 163619 163672 163724 163767 163806 163870 163913 163958 164019 164059 164108 164169 164210 164254 164303 164353 164395 164439 164470 164508 164574 164610 164667 164709 164758 164789 164830 164859 164907 164944 164984 165016 165048 165074 165101 165135 165166 165205 165237 165269 165304 165334 165371 165407 165432 165456 165492 165521 165540 165576 165614 165640 165668 165688 165724 165766 165796 165816 165840 165862 165895 165918 165947 165970 166000 166021 166044 166070 166094 166121 166146 166168 166194 166225 166249 166280 166312 166341 166362 166380 166405 166422 166444 166465 166489 166497 166523 166545 166556 166583 166602 166614 166636 166650 166663 166682 166693 166709 166729 166746 166769 166782 166810 166827 166846 166863 166885 166894 166908 166919 166938 166959 166974 166986 166995 167013 167023 167036 167054 167071 167089 167107 167128 167145 167157 167170 167180 167190 167199 167217 167224 167241 167250 167271 167285 167294 167303 167313 167329 167335 167344 167354 167363 167375 167387 167396 167404 167413 167423 167437 167449 167458 167470 167488 167495 167504 167514 167522 167532 167540 167556 167567 167578 167592 167602 167610 167623 167633 167643 167656 167671 167683 167693 167695 167699 167706 167716 167724 167731 167737 167739 167745 167755 167765 167774 167781 167785 167792 167798 167809 167815 167823 167829 167842 167846 167849 167856 167860 167866 167872 167878 167885 167894 167902 167908 167916 167921 167926 167928 167930 167936 167941 167945 167951 167956 167961 167966 167971 167975 167982 167983 167987 167991 167994 167995 168000 168004 168007 168011 168014 168018 168025 168029 168033 168037 168040 168041 168044 168048 168052 168055 168060 168062 168067 168070 168072 168078 168080 168081 168083 168085 168089 168090 168093 168095 168096 168098 168099 168101 168102 168104 168106 168107 168108 168109 168111 168113 168114
iter 9: 11956 21152 28745 35197 40027 44772 49038 53342 57172 60013 63298 66787 69620 72565 75481 78111 80422 82147 84591 86572 88734 90590 92547 94576 96060 97513 99029 100565 102391 103562 105069 106291 107681 108902 110264 111335 112454 113551 114466 115191 116177 117342 118253 119076 120013 120942 121763 122536 123415 124247 124971 125625 126483 127121 127874 128628 129286 129939 130641 131286 131938 132482 133123 133830 134353 134904 135475 135892 136298 136708 137204 137699 138235 138721 139175 139688 140098 140496 140925 141281 141612 142006 142355 142737 143117 143490 143822 144254 144555 144845 145159 145541 145866 146194 146467 146752 147113 147412 147687 147998 148313 148594 148863 149105 149355 149589 149822 150103 150340 150569 150843 151086 151298 151527 151730 151928 152131 152348 152533 152753 152903 153095 153265 153433 153616 153791 153946 154194 154381 154518 154707 154904 155064 155226 155379 155510 155682 155855 156017 156177 156356 156505 156649 156764 156892 157055 157211 157380 157565 157709 157850 157982 158105 158206 158326 158464 158602 158713 158839 158942 159043 159174 159268 159357 159456 159574 159664 159786 159873 159952 160072 160183 160273 160357 160469 160576 160666 160748 160815 160910 161019 161094 161192 161263 161345 161404 161479 161545 161601 161675 161783 161851 161933 162023 162129 162207 162270 162360 162432 162525 162595 162656 162736 162789 162840 162911 162966 163028 163108 163159 163205 163248 163308 163372 163439 163494 163557 163603 163667 163737 163798 163852 163910 163960 164002 164076 164126 164172 164232 164266 164329 164392 164429 164464 164513 164545 164585 164628 164663 164710 164760 164785 164818 164856 164892 164937 164988 165036 165073 165114 165153 165203 165226 165268 165303 165329 165358 165393 165441 165474 165504 165537 165560 165595 165623 165658 165690 165725 165755 165794 165835 165871 165909 165934 165958 165984 166011 166038 166067 166098 166129 166163 166191 166206 166221 166237 166265 166283 166297 166319 166349 166374 166398 166421 166446 166462 166485 166507 166531 166552 166562 166586 166612 166633 166654 166678 166691 166713 166733 166760 166779 166791 166809 166830 166850 166868 166881 166900 166912 166926 166936 166950 166968 166986 167002 167014 167033 167042 167056 167070 167084 167096 167118 167136 167152 167166 167172 167190 167201 167213 167227 167231 167246 167262 167273 167283 167292 167308 167322 167329 167342 167352 167371 167383 167394 167400 167412 167419 167424 167439 167449 167458 167470 167479 167490 167504 167515 167528 167534 167539 167547 167560 167570 167579 167597 167609 167624 167632 167642 167649 167657 167663 167666 167673 167683 167689 167700 167707 167711 167722 167731 167738 167747 167751 167760 167768 167775 167781 167790 167798 167801 167808 167819 167825 167834 167839 167847 167854 167859 167863 167869 167874 167880 167885 167891 167898 167900 167903 167907 167915 167921 167926 167932 167939 167947 167954 167961 167965 167968 167971 167979 167983 167986 167991 167999 168005 168010 168015 168017 168023 168028 168031 168038 168045 168051 168055 168060 168062 168065 168067 168069 168070 168071 168074 168075 168078 168081 168084 168088 168092 168095 168098 168100 168102 168104 168105 168106 168108 168111 168112 168114
iter 10: 11838 21417 28550 35035 41000 45916 50329 54585 58302 61813 65222 68154 71222 74145 76727 79115 81375 83896 86008 88290 90290 91940 93793 95517 97355 99161 100766 102428 104006 105437 106713 108057 109409 110589 111757 113012 114087 115194 116148 117073 118040 119091 120036 120910 121758 122524 123323 124105 124962 125762 126441 127135 127869 128542 129227 129938 130645 131289 131857 132482 133066 133512 134002 134614 135167 135669 136168 136677 137046 137521 137977 138468 138941 139430 139917 140388 140871 141205 141661 141976 142352 142807 143139 143483 143918 144291 144638 144978 145333 145704 145981 146340 146656 146944 147190 147495 147819 148147 148428 148708 148952 149194 149451 149676 149958 150216 150505 150732 150978 151185 151436 151641 151865 152115 152322 152509 152708 152928 153148 153348 153446 153666 153845 154007 154183 154357 154510 154668 154840 155045 155229 155395 155553 155749 155907 156030 156147 156294 156440 156585 156735 156891 157018 157136 157297 157397 157538 157705 157840 157977 158100 158225 158352 158462 158577 158705 158809 158940 159032 159136 159250 159346 159469 159609 159717 159827 159939 160032 160130 160236 160322 160419 160500 160586 160675 160752 160829 160912 161001 161084 161188 161262 161338 161412 161486 161551 161646 161716 161795 161857 161933 161998 162064 162138 162202 162269 162343 162429 162491 162554 162619 162688 162756 162813 162881 162938 162984 163034 163095 163128 163200 163262 163302 163386 163447 163523 163581 163652 163714 163757 163794 163845 163898 163948 164004 164041 164091 164141 164198 164253 164300 164348 164406 164446 164487 164522 164561 164604 164640 164686 164723 164754 164792 164836 164878 164903 164949 164967 164996 165030 165068 165098 165131 165165 165192 165225 165266 165292 165314 165347 165398 165417 165460 165488 165517 165553 165572 165594 165627 165656 165689 165725 165752 165786 165816 165841 165870 165891 165915 165936 165967 165992 166022 166041 166063 166090 166115 166134 166161 166175 166204 166215 166239 166265 166290 166312 166332 166345 166361 166384 166404 166430 166447 166457 166488 166508 166531 166549 166562 166582 166610 166627 166638 166650 166665 166688 166709 166733 166752 166773 166787 166809 166828 166848 166861 166876 166888 166903 166917 166932 166950 166960 166980 166995 167010 167027 167042 167056 167076 167086 167094 167104 167119 167136 167151 167165 167181 167194 167213 167227 167238 167258 167274 167281 167295 167311 167321 167337 167353 167366 167378 167387 167397 167409 167416 167429 167438 167447 167458 167469 167481 167494 167506 167517 167527 167536 167548 167559 167572 167582 167591 167600 167612 167621 167631 167638 167646 167654 167663 167670 167676 167684 167691 167695 167702 167709 167713 167726 167732 167744 167751 167757 167767 167775 167785 167794 167802 167809 167814 167821 167828 167839 167845 167855 167864 167871 167880 167887 167893 167900 167905 167908 167912 167916 167922 167925 167929 167933 167942 167946 167952 167956 167963 167967 167974 167986 167989 167995 168002 168005 168011 168014 168018 168023 168029 168032 168038 168043 168045 168049 168050 168054 168056 168058 168061 168066 168068 168071 168073 168075 168079 168083 168085 168087 168090 168092 168093 168094 168095 168096 168098 168099 168101 168105 168107 168110 168111 168112 168113 168114
iter 11: 11689 21006 28486 35197 40585 45874 50525 54838 58680 62117 65572 69003 72214 74498 77073 79752 82403 84672 86844 89105 91098 92669 94613 96608 98291 100097 101601 103052 104388 105656 106862 108195 109426 110743 111773 113085 114275 115356 116277 117286 118298 119407 120250 121234 121953 122676 123527 124407 125161 125884 126654 127132 127823 128476 129225 129934 130628 131216 131931 132528 133121 133606 134189 134761 135210 135625 136127 136609 136985 137462 137898 138380 138935 139361 139829 140190 140582 140921 141327 141799 142177 142527 142912 143305 143641 143969 144295 144668 145008 145332 145712 146084 146453 146765 147131 147380 147669 147997 148249 148530 148874 149110 149362 149589 149872 150170 150451 150695 150915 151148 151409 151565 151779 152029 152216 152432 152578 152767 152963 153192 153362 153524 153744 153908 154125 154300 154484 154651 154797 154931 155090 155246 155410 155544 155691 155856 156018 156185 156307 156421 156506 156670 156834 156959 157091 157238 157371 157485 157589 157712 157872 158003 158118 158230 158357 158440 158570 158704 158805 158915 159036 159165 159271 159382 159506 159630 159703 159799 159930 160035 160155 160238 160344 160405 160506 160591 160671 160770 160880 160973 161055 161150 161232 161308 161399 161483 161553 161638 161731 161830 161906 161970 162016 162076 162135 162196 162266 162318 162381 162453 162526 162600 162671 162736 162826 162894 162947 163016 163086 163144 163198 163252 163317 163393 163463 163511 163573 163634 163691 163741 163788 163856 163921 163985 164032 164077 164117 164164 164213 164247 164316 164370 164415 164463 164518 164560 164618 164669 164732 164759 164806 164859 164901 164935 164992 165039 165080 165126 165161 165200 165239 165273 165306 165343 165379 165418 165451 165502 165535 165569 165612 165656 165694 165734 165762 165778 165808 165834 165855 165882 165902 165934 165970 165996 166021 166045 166067 166091 166109 166146 166174 166203 166237 166258 166291 166311 166332 166349 166374 166396 166414 166443 166462 166486 166512 166538 166558 166575 166594 166617 166631 166651 166670 166701 166731 166754 166774 166797 166816 166840 166858 166885 166902 166917 166935 166950 166967 166981 166999 167014 167026 167038 167061 167081 167095 167116 167129 167148 167163 167177 167190 167205 167220 167232 167242 167255 167274 167286 167299 167312 167322 167337 167350 167365 167376 167391 167402 167412 167424 167437 167456 167469 167478 167489 167499 167511 167526 167540 167554 167562 167576 167592 167602 167615 167621 167627 167637 167651 167656 167666 167673 167685 167695 167706 167714 167723 167733 167738 167745 167754 167760 167764 167771 167779 167784 167790 167793 167802 167806 167812 167821 167826 167828 167834 167841 167850 167859 167862 167866 167874 167883 167891 167900 167904 167911 167917 167924 167928 167934 167941 167949 167953 167959 167964 167970 167978 167985 167989 167994 167999 168005 168013 168017 168021 168024 168027 168030 168036 168040 168045 168049 168052 168054 168060 168063 168064 168066 168068 168070 168073 168078 168080 168082 168083 168085 168086 168088 168093 168095 168096 168098 168101 168102 168103 168104 168108 168109 168110 168112 168113 168114
iter 12: 11625 21064 28354 35364 41324 46830 50556 54531 58724 62616 65934 69306 72260 75018 77434 79959 82206 84309 86622 88695 90700 92244 94039 95667 97334 98984 100609 102150 103562 104988 106403 107588 108989 110256 111451 112427 113640 114685 115598 116622 117612 118591 119605 120550 121558 122469 123376 124101 124962 125781 126585 127368 127931 128638 129278 129961 130653 131257 131944 132565 133205 133807 134259 134771 135354 135942 136488 136908 137379 137863 138316 138776 139233 139698 140063 140428 140791 141147 141515 141946 142428 142744 143119 143519 143891 144291 144616 144996 145337 145696 146030 146331 146634 146865 147217 147486 147771 148013 148312 148612 148862 149145 149412 149650 149933 150178 150416 150661 150855 151081 151281 151449 151680 151905 152184 152385 152562 152743 152934 153108 153266 153444 153588 153768 153963 154162 154367 154551 154744 154883 155043 155195 155388 155538 155668 155841 155985 156136 156313 156431 156567 156703 156838 156982 157105 157228 157394 157518 157657 157821 157931 158052 158160 158256 158398 158530 158622 158748 158846 158946 159044 159144 159244 159333 159422 159546 159602 159716 159805 159895 159981 160099 160191 160239 160330 160429 160519 160613 160692 160778 160877 160968 161061 161144 161234 161320 161412 161494 161572 161642 161731 161797 161883 161955 162015 162093 162156 162228 162309 162370 162446 162518 162566 162625 162680 162742 162801 162878 162942 162980 163045 163102 163146 163200 163273 163324 163371 163420 163484 163534 163601 163654 163716 163776 163830 163868 163933 163999 164041 164100 164153 164202 164257 164290 164338 164376 164400 164448 164489 164542 164584 164629 164663 164707 164745 164792 164833 164868 164903 164948 164991 165037 165067 165092 165136 165154 165176 165216 165265 165302 165330 165368 165401 165446 165475 165491 165514 165554 165589 165635 165676 165707 165732 165759 165792 165816 165849 165884 165916 165945 165969 165999 166026 166048 166087 166123 166149 166170 166202 166230 166251 166280 166314 166342 166363 166385 166412 166440 166465 166484 166508 166520 166542 166569 166590 166615 166640 166657 166677 166700 166719 166737 166758 166777 166800 166818 166839 166867 166875 166891 166908 166925 166944 166963 166974 166994 167011 167027 167039 167056 167073 167085 167101 167115 167133 167145 167165 167177 167186 167203 167220 167240 167249 167264 167277 167293 167305 167315 167331 167348 167365 167372 167381 167395 167405 167415 167428 167434 167440 167448 167459 167466 167478 167487 167500 167511 167523 167532 167547 167561 167569 167585 167595 167610 167618 167627 167636 167642 167648 167659 167674 167692 167702 167713 167719 167725 167739 167752 167761 167770 167773 167779 167788 167793 167799 167808 167814 167822 167828 167836 167844 167849 167857 167864 167868 167873 167877 167884 167894 167900 167903 167910 167918 167921 167929 167935 167941 167947 167953 167961 167963 167967 167972 167975 167981 167988 167995 167999 168004 168008 168011 168017 168021 168024 168027 168030 168034 168040 168044 168049 168054 168060 168063 168067 168070 168073 168078 168082 168084 168087 168090 168093 168095 168098 168100 168103 168106 168109 168110 168111 168112 168113 168114
iter 13: 11038 20062 27710 34818 40669 46018 50626 54777 58883 62779 66117 69375 72354 75090 77590 80334 82665 84952 87146 89144 91032 93166 94919 96670 98358 100123 101637 103019 104629 105932 107264 108468 109768 111062 112355 113593 114719 115724 116692 117795 118837 119815 120725 121654 122531 123484 124287 125085 125882 126794 127611 128373 129115 129765 130463 131148 131618 132260 132872 133382 133748 134371 134943 135497 135994 136530 137021 137624 138070 138597 139050 139557 139991 140448 140864 141351 141718 142062 142368 142751 143092 143439 143855 144197 144498 144857 145202 145539 145820 146157 146458 146869 147173 147435 147667 148029 148373 148707 148986 149301 149597 149884 150087 150335 150579 150803 151064 151328 151521 151752 151948 152172 152386 152604 152785 152953 153180 153356 153616 153787 153989 154183 154364 154560 154744 154903 155095 155237 155393 155505 155674 155848 156017 156162 156324 156459 156588 156737 156900 157032 157172 157290 157422 157548 157669 157786 157901 158026 158162 158295 158407 158546 158656 158790 158896 159017 159103 159219 159309 159403 159495 159594 159711 159809 159906 160019 160145 160243 160351 160463 160569 160695 160775 160859 160921 160997 161068 161179 161271 161368 161449 161539 161612 161686 161770 161846 161932 162005 162078 162152 162222 162279 162353 162428 162489 162543 162619 162681 162742 162804 162870 162935 162986 163037 163098 163152 163210 163270 163333 163373 163428 163453 163520 163564 163611 163670 163714 163773 163823 163871 163933 163980 164027 164089 164131 164186 164234 164275 164309 164348 164379 164407 164436 164481 164528 164563 164592 164625 164664 164735 164774 164811 164859 164905 164939 164963 165000 165033 165072 165116 165162 165183 165207 165253 165266 165288 165330 165370 165397 165437 165464 165492 165513 165554 165585 165616 165648 165678 165704 165731 165753 165782 165820 165861 165893 165918 165955 165984 166011 166028 166047 166073 166097 166129 166149 166175 166203 166215 166240 166273 166299 166317 166333 166357 166378 166404 166422 166445 166465 166490 166508 166536 166551 166576 166598 166621 166634 166653 166671 166693 166706 166725 166741 166761 166783 166807 166823 166842 166856 166870 166886 166901 166924 166943 166960 166976 166987 166996 167017 167029 167050 167072 167083 167101 167122 167134 167144 167154 167167 167182 167197 167219 167232 167248 167266 167286 167295 167308 167321 167332 167347 167362 167370 167382 167398 167413 167430 167446 167457 167467 167478 167487 167504 167519 167531 167544 167556 167566 167576 167586 167595 167605 167618 167626 167634 167639 167646 167656 167662 167674 167687 167698 167706 167712 167721 167724 167733 167741 167749 167755 167761 167768 167770 167775 167780 167788 167792 167798 167807 167812 167815 167821 167827 167835 167845 167850 167852 167855 167861 167869 167878 167884 167892 167896 167902 167912 167914 167918 167923 167927 167930 167934 167939 167945 167950 167953 167958 167963 167968 167976 167982 167991 167995 168001 168004 168010 168012 168016 168018 168023 168028 168032 168036 168040 168043 168045 168047 168051 168055 168059 168062 168066 168070 168073 168080 168083 168085 168088 168090 168091 168094 168096 168097 168098 168099 168101 168103 168104 168105 168106 168108 168111 168113 168114
iter 14: 11009 19736 27612 34411 40202 45062 49226 53590 57257 60659 64252 67489 70731 73502 76278 78793 81310 83548 85363 87591 89533 91419 93059 94724 96543 98361 99874 101564 102830 104167 105476 106929 108231 109215 110460 111634 112792 113862 114869 115917 116920 117931 118750 119576 120318 121069 121804 122635 123274 124098 124901 125526 126263 126958 127721 128350 129082 129777 130511 131083 131735 132374 132814 133390 133997 134609 135171 135701 136141 136664 137132 137604 138183 138616 139123 139543 139928 140318 140729 141146 141529 141858 142296 142641 143017 143376 143771 144165 144473 144807 145132 145418 145751 146103 146473 146804 147078 147340 147577 147900 148141 148407 148681 148982 149285 149576 149907 150165 150421 150636 150899 151088 151306 151573 151751 151990 152211 152494 152680 152895 153138 153374 153578 153816 154038 154199 154387 154586 154749 154932 155026 155218 155380 155525 155727 155848 156031 156228 156382 156548 156654 156814 156931 157090 157262 157396 157554 157666 157813 157926 158063 158187 158302 158419 158533 158655 158732 158830 158945 159070 159197 159301 159405 159510 159627 159747 159844 159944 160043 160116 160200 160319 160416 160506 160581 160681 160770 160850 160940 161004 161056 161150 161218 161306 161406 161472 161524 161594 161694 161765 161875 161962 162028 162112 162194 162254 162329 162393 162456 162534 162603 162665 162744 162813 162881 162950 163015 163089 163150 163208 163282 163344 163414 163480 163528 163593 163655 163708 163783 163820 163861 163916 163954 164004 164052 164106 164154 164203 164243 164285 164342 164397 164455 164492 164543 164614 164647 164676 164710 164741 164793 164823 164867 164910 164955 164993 165035 165069 165106 165141 165169 165217 165250 165297 165328 165365 165401 165431 165463 165499 165524 165565 165595 165626 165656 165683 165717 165736 165767 165808 165836 165875 165894 165919 165951 165978 165999 166037 166067 166097 166133 166153 166175 166194 166214 166239 166269 166292 166317 166342 166367 166389 166403 166427 166445 166465 166477 166508 166522 166539 166562 166578 166591 166604 166620 166643 166665 166691 166712 166741 166768 166795 166804 166823 166840 166861 166883 166898 166909 166933 166951 166976 166992 167005 167018 167031 167046 167064 167078 167089 167101 167115 167128 167152 167167 167179 167193 167208 167220 167238 167252 167264 167287 167301 167311 167325 167334 167345 167352 167358 167366 167384 167393 167413 167431 167442 167456 167472 167482 167496 167508 167513 167520 167534 167544 167554 167563 167573 167588 167597 167605 167612 167620 167625 167633 167639 167643 167655 167663 167668 167673 167683 167692 167702 167713 167722 167732 167738 167747 167755 167759 167769 167776 167783 167787 167796 167800 167808 167817 167826 167835 167843 167846 167853 167856 167864 167872 167881 167889 167891 167896 167902 167910 167917 167922 167929 167932 167937 167944 167946 167951 167956 167961 167965 167968 167977 167981 167984 167989 167993 167996 168003 168007 168010 168013 168016 168021 168025 168029 168030 168032 168036 168038 168039 168043 168045 168049 168052 168055 168057 168059 168066 168069 168071 168075 168076 168079 168082 168085 168087 168089 168092 168093 168094 168095 168097 168100 168102 168105 168107 168108 168109 168111 168112 168113 168114
iter 15: 12412 21611 28712 34972 40668 46169 50005 54154 58104 61780 65366 68272 71317 74293 77231 79823 82121 84463 86658 88585 90567 92384 94133 95753 97489 99131 100405 101812 103244 104527 105882 107061 108177 109480 110584 111938 113155 114446 115562 116642 117595 118491 119454 120314 121167 122143 122986 123734 124592 125413 126158 126953 127671 128465 129225 129708 130319 130916 131443 132005 132599 133148 133725 134289 134760 135344 135953 136515 136939 137395 137936 138385 138839 139318 139715 140167 140573 140889 141335 141743 142194 142653 143057 143504 143886 144278 144576 144897 145220 145541 145900 146251 146586 146849 147147 147444 147762 148018 148328 148565 148797 149068 149326 149612 149858 150144 150397 150612 150835 150971 151183 151403 151608 151815 152041 152176 152347 152541 152706 152890 153089 153313 153534 153710 153911 154148 154308 154471 154664 154854 155027 155206 155356 155551 155705 155845 155984 156122 156257 156422 156522 156689 156841 156969 157073 157200 157339 157450 157582 157738 157815 157916 158026 158157 158263 158403 158524 158652 158758 158877 158984 159086 159214 159338 159445 159537 159622 159757 159859 159915 160007 160088 160194 160274 160359 160451 160539 160642 160730 160824 160881 160950 161016 161118 161224 161303 161391 161480 161562 161634 161704 161759 161840 161928 162013 162092 162150 162219 162319 162370 162433 162497 162558 162612 162661 162733 162782 162859 162917 162988 163040 163100 163154 163221 163295 163341 163391 163436 163473 163517 163579 163645 163687 163739 163794 163852 163892 163949 164014 164058 164111 164146 164181 164232 164273 164336 164386 164438 164490 164537 164585 164623 164657 164706 164764 164804 164847 164896 164935 164967 165002 165031 165066 165114 165156 165194 165220 165251 165298 165338 165384 165426 165451 165478 165520 165557 165595 165622 165648 165680 165717 165743 165771 165808 165843 165884 165910 165942 165964 166004 166026 166063 166081 166110 166134 166161 166183 166218 166247 166279 166307 166333 166351 166372 166395 166430 166448 166470 166487 166510 166534 166554 166576 166595 166618 166637 166666 166699 166728 166745 166758 166776 166794 166812 166830 166855 166875 166893 166906 166932 166946 166968 166991 167012 167028 167041 167049 167061 167074 167095 167110 167120 167136 167149 167162 167175 167187 167196 167212 167228 167243 167250 167261 167271 167285 167297 167310 167320 167332 167357 167366 167373 167384 167395 167405 167418 167424 167434 167446 167458 167474 167483 167494 167505 167511 167519 167528 167533 167540 167549 167555 167568 167579 167589 167601 167607 167616 167620 167628 167640 167648 167659 167668 167675 167683 167692 167697 167704 167709 167715 167721 167728 167737 167743 167752 167760 167765 167771 167782 167787 167795 167807 167811 167815 167820 167824 167829 167839 167845 167849 167853 167860 167867 167872 167878 167885 167889 167895 167897 167899 167902 167909 167916 167924 167931 167936 167939 167945 167948 167954 167958 167961 167963 167966 167970 167974 167981 167985 167990 167996 168000 168002 168008 168012 168015 168019 168021 168025 168028 168030 168035 168039 168043 168045 168049 168052 168055 168061 168064 168067 168070 168072 168076 168079 168081 168085 168087 168090 168093 168096 168098 168101 168104 168107 168110 168112 168113 168114
iter 16: 11337 19913 27735 34237 40020 45369 49613 53848 57708 61451 64642 68052 70935 73831 76560 79473 81558 83782 85903 88148 90193 92273 94048 95862 97686 99446 100973 102477 103751 105128 106592 107987 109464 110778 111913 113105 114254 115142 116362 117559 118476 119448 120304 121168 122061 122930 123716 124574 125432 126217 127029 127690 128433 129245 129825 130476 131091 131716 132391 132998 133573 134232 134867 135414 135939 136365 136969 137409 137818 138340 138808 139243 139739 140172 140597 141032 141522 141940 142380 142803 143199 143584 143983 144395 144777 145094 145417 145679 145994 146305 146607 146933 147266 147601 147958 148258 148519 148789 149091 149344 149614 149870 150148 150424 150662 150849 151032 151256 151514 151678 151884 152075 152293 152470 152723 152953 153148 153337 153521 153696 153925 154136 154270 154447 154616 154777 154979 155111 155312 155479 155637 155810 155991 156135 156280 156472 156625 156764 156921 157054 157212 157353 157475 157622 157757 157890 158019 158115 158253 158350 158455 158596 158736 158839 158940 159063 159144 159256 159368 159466 159559 159673 159747 159847 159931 160023 160133 160238 160297 160401 160498 160580 160676 160777 160882 160962 161049 161130 161207 161286 161352 161439 161518 161636 161729 161811 161895 161972 162050 162113 162187 162266 162333 162423 162482 162541 162623 162703 162750 162792 162862 162930 162994 163050 163095 163156 163211 163251 163313 163370 163436 163496 163548 163612 163667 163724 163777 163844 163887 163934 163984 164029 164067 164106 164148 164204 164237 164285 164325 164369 164411 164454 164499 164528 164568 164625 164682 164708 164738 164778 164825 164871 164914 164950 164977 165001 165039 165068 165109 165150 165189 165227 165264 165294 165335 165372 165407 165447 165479 165512 165549 165580 165610 165656 165689 165713 165745 165776 165792 165818 165840 165877 165908 165950 165982 166007 166038 166065 166089 166120 166145 166168 166198 166219 166245 166265 166293 166326 166351 166380 166409 166423 166445 166466 166487 166504 166530 166553 166579 166596 166619 166634 166658 166688 166713 166731 166758 166776 166794 166810 166824 166838 166860 166879 166893 166914 166930 166947 166964 166982 167000 167014 167032 167048 167060 167081 167090 167108 167121 167141 167156 167170 167185 167196 167216 167238 167248 167259 167274 167287 167302 167320 167331 167348 167364 167374 167391 167400 167415 167429 167434 167452 167463 167474 167490 167499 167508 167516 167526 167536 167552 167561 167569 167576 167586 167597 167608 167614 167627 167639 167648 167659 167666 167672 167682 167695 167701 167708 167715 167724 167728 167733 167741 167749 167755 167761 167768 167777 167781 167791 167799 167806 167810 167820 167825 167834 167839 167846 167852 167859 167863 167870 167877 167884 167888 167893 167901 167906 167912 167918 167923 167927 167930 167937 167942 167948 167949 167952 167955 167960 167965 167970 167975 167977 167981 167986 167990 167993 167996 168000 168003 168005 168010 168012 168017 168022 168028 168032 168039 168043 168046 168048 168053 168059 168062 168064 168067 168070 168075 168080 168081 168084 168086 168088 168090 168094 168097 168101 168103 168105 168107 168109 168111 168113 168114
iter 17: 11090 20052 27860 34404 40323 44891 49398 53465 57692 61691 65396 68448 71440 74205 77067 79703 82191 84232 86499 88593 90477 92352 94175 95856 97511 99169 100722 102167 103692 105020 106241 107686 108898 110109 111325 112516 113730 114838 115757 116693 117696 118501 119143 119916 120738 121750 122589 123442 124368 125135 125958 126540 127299 128057 128812 129442 129826 130520 131190 131853 132509 133116 133736 134277 134729 135142 135678 136234 136676 137229 137743 138259 138741 139171 139670 140185 140712 141101 141382 141771 142181 142518 142883 143248 143667 144127 144488 144858 145201 145465 145756 146008 146322 146626 146949 147272 147579 147814 148069 148355 148625 148937 149219 149480 149721 149963 150183 150419 150652 150908 151107 151352 151556 151802 152028 152266 152433 152632 152818 153009 153204 153396 153597 153721 153883 154054 154239 154446 154627 154739 154895 155058 155235 155410 155537 155721 155888 156043 156170 156293 156433 156612 156749 156903 157030 157142 157277 157410 157569 157698 157823 157898 158036 158132 158254 158384 158482 158609 158736 158845 158943 159047 159131 159236 159353 159477 159561 159654 159753 159860 159969 160087 160172 160265 160361 160436 160536 160610 160690 160804 160916 160985 161077 161149 161209 161273 161364 161452 161541 161614 161692 161761 161836 161906 162002 162089 162158 162227 162295 162364 162417 162494 162569 162625 162674 162750 162816 162886 162954 163026 163062 163121 163185 163241 163308 163368 163423 163478 163539 163605 163670 163725 163782 163845 163891 163946 164005 164050 164097 164144 164194 164241 164283 164326 164367 164410 164455 164496 164550 164593 164634 164665 164716 164731 164762 164801 164847 164884 164913 164953 164980 165032 165075 165109 165150 165176 165203 165238 165269 165295 165324 165366 165410 165449 165489 165522 165551 165593 165634 165659 165685 165719 165741 165776 165802 165824 165846 165876 165908 165930 165970 166008 166044 166068 166085 166107 166126 166153 166182 166221 166239 166257 166277 166304 166327 166349 166370 166383 166410 166426 166455 166470 166491 166522 166542 166558 166578 166599 166619 166632 166656 166679 166699 166711 166732 166752 166766 166783 166804 166822 166844 166857 166876 166893 166913 166930 166948 166960 166979 166994 167011 167028 167047 167065 167088 167103 167121 167141 167157 167174 167185 167195 167208 167223 167239 167258 167274 167283 167293 167306 167321 167332 167337 167350 167359 167374 167384 167395 167402 167418 167429 167447 167460 167478 167490 167498 167513 167520 167533 167543 167553 167562 167569 167577 167587 167597 167610 167622 167629 167637 167648 167658 167666 167675 167684 167695 167708 167712 167718 167730 167740 167747 167759 167766 167779 167790 167804 167809 167815 167825 167837 167842 167847 167853 167865 167873 167883 167887 167893 167896 167905 167909 167916 167923 167931 167935 167941 167946 167955 167964 167972 167978 167984 167991 167996 168000 168004 168009 168011 168015 168018 168022 168026 168030 168031 168033 168036 168039 168044 168048 168051 168055 168059 168061 168065 168068 168069 168070 168072 168074 168079 168082 168086 168088 168089 168091 168095 168096 168097 168098 168099 168101 168102 168103 168104 168105 168107 168108 168109 168110 168112 168113 168114
iter 18: 10532 19998 27643 34037 39724 44920 49316 53291 57256 61124 64326 67858 70957 74055 76979 79514 81982 83696 86131 88284 90263 92108 93924 95761 97529 99083 100626 102118 103516 104984 106402 107897 109231 110608 111855 113068 114096 115251 116098 117150 118306 119386 120341 121231 122241 123012 123798 124700 125563 126375 127152 127881 128641 129375 130129 130794 131439 132026 132554 133151 133789 134451 134976 135513 135954 136468 136944 137437 137902 138370 138838 139262 139753 140186 140659 141095 141506 141929 142274 142696 143102 143407 143770 144187 144592 144948 145336 145657 146059 146297 146616 146933 147232 147497 147798 148022 148344 148595 148861 149186 149480 149795 150026 150272 150540 150782 150987 151240 151472 151690 151927 152074 152286 152497 152707 152910 153097 153307 153448 153637 153870 154076 154330 154526 154701 154881 155080 155255 155371 155493 155637 155810 156012 156183 156353 156506 156675 156847 156997 157109 157251 157387 157515 157651 157814 157915 158039 158172 158286 158410 158541 158661 158793 158905 159024 159131 159238 159370 159468 159585 159681 159803 159900 159998 160112 160217 160338 160430 160524 160621 160738 160839 160921 161030 161129 161212 161294 161360 161433 161512 161602 161696 161764 161842 161935 162014 162089 162158 162239 162311 162366 162440 162507 162574 162655 162723 162800 162863 162916 163002 163058 163129 163197 163251 163289 163340 163383 163461 163502 163558 163615 163666 163724 163777 163818 163865 163932 163980 164043 164090 164137 164183 164209 164257 164298 164336 164382 164425 164457 164503 164532 164582 164623 164665 164702 164756 164799 164839 164871 164912 164953 164997 165036 165071 165106 165154 165196 165229 165257 165295 165338 165376 165423 165470 165497 165525 165560 165592 165622 165648 165675 165707 165736 165755 165792 165821 165840 165871 165908 165950 165976 165995 166022 166044 166077 166094 166119 166147 166163 166193 166219 166245 166269 166290 166305 166328 166348 166375 166392 166415 166438 166456 166472 166494 166524 166537 166556 166577 166598 166622 166644 166665 166684 166706 166725 166740 166766 166786 166799 166813 166826 166837 166851 166867 166882 166901 166924 166939 166955 166975 166984 166997 167016 167040 167063 167071 167090 167106 167124 167133 167143 167161 167179 167196 167209 167222 167240 167258 167267 167280 167302 167311 167329 167340 167352 167364 167375 167386 167397 167409 167419 167430 167441 167454 167464 167480 167489 167505 167517 167527 167535 167552 167565 167576 167587 167599 167610 167615 167627 167640 167648 167659 167664 167673 167681 167691 167702 167714 167725 167737 167750 167757 167763 167771 167780 167792 167798 167810 167818 167825 167839 167846 167853 167862 167868 167873 167879 167884 167888 167898 167903 167909 167914 167919 167925 167933 167940 167946 167953 167960 167965 167973 167978 167982 167987 167994 167999 168004 168011 168020 168024 168028 168032 168036 168039 168044 168049 168052 168055 168057 168063 168067 168070 168071 168074 168075 168077 168079 168083 168085 168089 168091 168094 168096 168097 168099 168101 168103 168104 168106 168108 168109 168110 168112 168113 168114
iter 19: 11334 20693 28383 34914 40728 46304 51047 55516 59992 63300 66462 69656 72379 75417 77787 80039 82627 84909 87231 89313 91318 93255 95090 96961 98788 100461 102007 103536 104980 106305 107630 109119 110123 111250 112515 113653 114890 115985 117045 118115 119076 120079 120954 121760 122631 123452 124293 125120 125878 126559 127271 128006 128759 129417 130108 130756 131341 131967 132514 133122 133770 134381 134968 135366 135948 136521 137051 137606 138076 138575 139054 139486 139874 140346 140792 141222 141585 141960 142303 142704 143006 143421 143780 144136 144512 144843 145189 145471 145840 146158 146460 146777 147070 147350 147618 147936 148118 148382 148589 148842 149115 149393 149635 149891 150202 150432 150668 150899 151144 151381 151565 151792 152003 152213 152405 152639 152878 153089 153226 153420 153635 153813 153998 154169 154341 154518 154700 154889 155056 155233 155390 155546 155697 155882 156001 156163 156350 156463 156602 156741 156889 157009 157145 157252 157378 157462 157596 157727 157832 157968 158083 158222 158360 158467 158595 158685 158772 158915 159053 159157 159276 159371 159507 159612 159724 159824 159910 160016 160107 160208 160312 160400 160505 160576 160650 160733 160815 160913 161002 161091 161180 161285 161365 161458 161541 161639 161698 161785 161868 161945 162029 162115 162203 162272 162357 162422 162484 162562 162624 162684 162734 162810 162867 162932 162989 163033 163090 163144 163202 163264 163328 163375 163435 163489 163563 163626 163675 163736 163782 163811 163851 163906 163953 164015 164073 164120 164180 164219 164274 164315 164367 164418 164457 164497 164548 164606 164642 164690 164719 164746 164788 164839 164875 164916 164963 164990 165020 165049 165081 165110 165152 165202 165231 165262 165298 165334 165369 165405 165423 165446 165482 165514 165548 165578 165608 165643 165683 165715 165748 165785 165816 165856 165880 165912 165937 165962 165991 166019 166041 166072 166104 166132 166166 166194 166225 166244 166259 166284 166303 166331 166367 166390 166412 166423 166445 166468 166490 166514 166532 166551 166576 166599 166620 166635 166654 166675 166698 166719 166736 166756 166771 166793 166806 166835 166850 166872 166891 166905 166918 166935 166959 166975 166997 167013 167032 167044 167066 167082 167100 167114 167126 167133 167148 167166 167188 167207 167221 167230 167239 167255 167264 167278 167287 167303 167314 167326 167338 167348 167363 167377 167392 167401 167407 167421 167430 167443 167451 167464 167472 167484 167494 167510 167524 167538 167546 167556 167567 167575 167584 167594 167601 167611 167617 167622 167628 167641 167651 167663 167668 167679 167690 167697 167704 167712 167717 167721 167735 167744 167751 167761 167768 167782 167788 167792 167802 167807 167812 167819 167825 167829 167836 167846 167855 167861 167867 167871 167878 167886 167890 167897 167908 167911 167917 167920 167927 167933 167937 167946 167950 167957 167963 167969 167974 167982 167988 167991 167997 168005 168008 168015 168018 168021 168024 168028 168037 168039 168042 168047 168051 168053 168055 168058 168061 168063 168066 168069 168072 168074 168078 168080 168083 168087 168089 168092 168093 168094 168095 168096 168099 168101 168103 168105 168107 168108 168110 168112 168113 168114

Test time [ms]:367.717
Program duration [ms]: 51844.7