Graph Coloring - v1.0.0
Graph Representation: Compressed Sparse Row
Coloring Algorithm: Parallel Jones-Plassmann (CUDA) 

Loading graph from /home/cardone/Desktop/graphs/gra/rgg_n_2_17_s0.gra
Graph succesfully loaded from file.
V: 131072, E: 1457506, maxD: 28, minD: 0, avgD: 11.1199
Init time [ms]: 56.609
========================================================
1	num-cols: 24 	========================================================
2	num-cols: 24 	========================================================
3	num-cols: 24 	========================================================
4	num-cols: 24 	========================================================
5	num-cols: 24 	========================================================
6	num-cols: 24 	========================================================
7	num-cols: 24 	========================================================
8	num-cols: 24 	========================================================
9	num-cols: 24 	========================================================
10	num-cols: 24 	========================================================
11	num-cols: 24 	========================================================
12	num-cols: 24 	========================================================
13	num-cols: 24 	========================================================
14	num-cols: 24 	========================================================
15	num-cols: 24 	========================================================
16	num-cols: 24 	========================================================
17	num-cols: 24 	========================================================
18	num-cols: 24 	========================================================
19	num-cols: 24 	========================================================
20	num-cols: 24 	========================================================
Timings [ms]
Avg random vector initialization time: 0.69095
Avg allocation time: 0.2517
Avg upload time: 0.60625
Avg process time: 1.1074
Avg download time: 0.08925
Avg total time: 2.0546
Inner total time (start to end function): 115.953
Reset total time: 13.819
Process total time: 41.092
Avg number colors: 24
Colors per iteration:
iter 0: 11848 23586 35210 46752 58221 69380 80109 90350 99761 108036 115001 120493 124594 127337 129027 130032 130565 130852 130977 131035 131056 131067 131070 131072
iter 1: 11848 23586 35210 46752 58221 69380 80109 90350 99761 108036 115001 120493 124594 127337 129027 130032 130565 130852 130977 131035 131056 131067 131070 131072
iter 2: 11848 23586 35210 46752 58221 69380 80109 90350 99761 108036 115001 120493 124594 127337 129027 130032 130565 130852 130977 131035 131056 131067 131070 131072
iter 3: 11848 23586 35210 46752 58221 69380 80109 90350 99761 108036 115001 120493 124594 127337 129027 130032 130565 130852 130977 131035 131056 131067 131070 131072
iter 4: 11848 23586 35210 46752 58221 69380 80109 90350 99761 108036 115001 120493 124594 127337 129027 130032 130565 130852 130977 131035 131056 131067 131070 131072
iter 5: 11848 23586 35210 46752 58221 69380 80109 90350 99761 108036 115001 120493 124594 127337 129027 130032 130565 130852 130977 131035 131056 131067 131070 131072
iter 6: 11848 23586 35210 46752 58221 69380 80109 90350 99761 108036 115001 120493 124594 127337 129027 130032 130565 130852 130977 131035 131056 131067 131070 131072
iter 7: 11848 23586 35210 46752 58221 69380 80109 90350 99761 108036 115001 120493 124594 127337 129027 130032 130565 130852 130977 131035 131056 131067 131070 131072
iter 8: 11848 23586 35210 46752 58221 69380 80109 90350 99761 108036 115001 120493 124594 127337 129027 130032 130565 130852 130977 131035 131056 131067 131070 131072
iter 9: 11848 23586 35210 46752 58221 69380 80109 90350 99761 108036 115001 120493 124594 127337 129027 130032 130565 130852 130977 131035 131056 131067 131070 131072
iter 10: 11848 23586 35210 46752 58221 69380 80109 90350 99761 108036 115001 120493 124594 127337 129027 130032 130565 130852 130977 131035 131056 131067 131070 131072
iter 11: 11848 23586 35210 46752 58221 69380 80109 90350 99761 108036 115001 120493 124594 127337 129027 130032 130565 130852 130977 131035 131056 131067 131070 131072
iter 12: 11848 23586 35210 46752 58221 69380 80109 90350 99761 108036 115001 120493 124594 127337 129027 130032 130565 130852 130977 131035 131056 131067 131070 131072
iter 13: 11848 23586 35210 46752 58221 69380 80109 90350 99761 108036 115001 120493 124594 127337 129027 130032 130565 130852 130977 131035 131056 131067 131070 131072
iter 14: 11848 23586 35210 46752 58221 69380 80109 90350 99761 108036 115001 120493 124594 127337 129027 130032 130565 130852 130977 131035 131056 131067 131070 131072
iter 15: 11848 23586 35210 46752 58221 69380 80109 90350 99761 108036 115001 120493 124594 127337 129027 130032 130565 130852 130977 131035 131056 131067 131070 131072
iter 16: 11848 23586 35210 46752 58221 69380 80109 90350 99761 108036 115001 120493 124594 127337 129027 130032 130565 130852 130977 131035 131056 131067 131070 131072
iter 17: 11848 23586 35210 46752 58221 69380 80109 90350 99761 108036 115001 120493 124594 127337 129027 130032 130565 130852 130977 131035 131056 131067 131070 131072
iter 18: 11848 23586 35210 46752 58221 69380 80109 90350 99761 108036 115001 120493 124594 127337 129027 130032 130565 130852 130977 131035 131056 131067 131070 131072
iter 19: 11848 23586 35210 46752 58221 69380 80109 90350 99761 108036 115001 120493 124594 127337 129027 130032 130565 130852 130977 131035 131056 131067 131070 131072

Test time [ms]:47.487
Program duration [ms]: 265.318