Graph Coloring - v1.0.0
Graph Representation: Compressed Sparse Row
Coloring Algorithm: Parallel Jones-Plassmann (CUDA) Min-Max Independent Sets

Loading graph from /home/cardone/Desktop/graphs/gra/rgg_n_2_24_s0.gra
Graph succesfully loaded from file.
V: 16777216, E: 265114400, maxD: 40, minD: 0, avgD: 15.802
Init time [ms]: 9959.91
========================================================
1	num-cols: 35 	========================================================
2	num-cols: 37 	========================================================
3	num-cols: 36 	========================================================
4	num-cols: 35 	========================================================
5	num-cols: 34 	========================================================
6	num-cols: 33 	========================================================
7	num-cols: 34 	========================================================
8	num-cols: 35 	========================================================
9	num-cols: 35 	========================================================
10	num-cols: 37 	========================================================
11	num-cols: 34 	========================================================
12	num-cols: 34 	========================================================
13	num-cols: 34 	========================================================
14	num-cols: 35 	========================================================
15	num-cols: 34 	========================================================
16	num-cols: 36 	========================================================
17	num-cols: 40 	========================================================
18	num-cols: 40 	========================================================
19	num-cols: 33 	========================================================
20	num-cols: 34 	========================================================
Timings [ms]
Avg random vector initialization time: 89.5098
Avg allocation time: 1.6133
Avg upload time: 102.109
Avg process time: 56.7533
Avg download time: 5.7415
Avg total time: 166.217
Inner total time (start to end function): 3976.37
Reset total time: 1790.2
Process total time: 3324.33
Avg number colors: 35
Colors per iteration:
iter 0: 2123596 4237735 6335849 8406795 10418716 12312429 13974049 15264134 16100783 16533648 16707600 16761304 16774206 16776731 16777158 16777207 16777215 16777216
iter 1: 2124195 4239542 6337291 8407011 10421415 12316076 13976827 15265932 16102070 16534136 16707481 16761233 16774279 16776777 16777148 16777208 16777213 16777215 16777216
iter 2: 2123332 4236931 6336173 8406724 10420661 12314048 13976060 15265273 16101573 16533768 16706973 16760974 16774180 16776736 16777141 16777208 16777214 16777216
iter 3: 2122761 4237830 6335169 8404470 10416773 12311211 13972861 15262733 16099855 16532850 16706928 16761046 16774180 16776724 16777129 16777201 16777215 16777216
iter 4: 2123698 4236411 6334156 8403986 10417309 12312177 13973837 15264694 16100791 16533181 16707124 16761324 16774198 16776736 16777150 16777209 16777216
iter 5: 2123517 4237130 6335880 8406536 10419004 12313960 13976274 15265422 16101205 16533093 16706722 16760829 16774097 16776721 16777142 16777209 16777216
iter 6: 2123848 4236971 6335586 8404604 10419201 12312826 13974461 15263248 16099835 16533355 16707210 16761117 16774251 16776741 16777141 16777208 16777216
iter 7: 2122889 4237962 6336231 8406245 10420079 12312951 13974343 15264378 16100766 16533111 16706716 16761062 16774317 16776788 16777167 16777211 16777215 16777216
iter 8: 2122889 4237962 6336231 8406245 10420079 12312951 13974343 15264378 16100766 16533111 16706716 16761062 16774317 16776788 16777167 16777211 16777215 16777216
iter 9: 2123485 4237636 6336829 8407834 10421912 12315386 13975472 15264814 16101348 16534262 16707361 16761187 16774246 16776734 16777136 16777200 16777211 16777215 16777216
iter 10: 2123078 4236470 6334871 8404383 10417688 12311971 13973758 15264224 16101205 16533073 16707071 16760966 16774115 16776743 16777148 16777206 16777216
iter 11: 2123060 4237331 6335521 8406006 10419801 12314214 13976421 15264712 16100966 16533335 16707107 16761099 16774214 16776755 16777175 16777214 16777216
iter 12: 2123386 4235925 6335811 8405903 10419345 12314364 13974777 15264076 16100367 16533071 16706737 16760784 16774076 16776701 16777151 16777211 16777216
iter 13: 2122658 4236860 6334574 8404470 10417573 12311108 13972894 15262826 16100271 16533011 16707115 16761088 16774141 16776676 16777134 16777206 16777215 16777216
iter 14: 2124127 4237746 6336130 8405898 10418735 12312511 13973931 15263478 16100074 16533373 16707336 16761036 16774143 16776716 16777121 16777198 16777216
iter 15: 2123077 4235946 6334207 8405176 10419810 12312808 13973829 15262960 16099885 16533085 16707034 16761137 16774246 16776726 16777134 16777205 16777214 16777216
iter 16: 2123424 4236882 6336122 8406290 10420258 12313519 13974662 15263622 16100978 16534216 16707543 16761318 16774226 16776723 16777143 16777204 16777209 16777212 16777214 16777216
iter 17: 2123424 4236882 6336122 8406290 10420258 12313519 13974662 15263622 16100978 16534216 16707543 16761318 16774226 16776723 16777143 16777204 16777209 16777212 16777214 16777216
iter 18: 2123754 4236993 6334642 8404589 10418232 12311408 13974426 15263556 16101147 16533573 16707276 16761178 16774216 16776763 16777173 16777215 16777216
iter 19: 2123097 4237468 6336204 8406441 10419626 12312906 13973887 15264011 16101095 16533142 16707192 16761157 16774163 16776742 16777154 16777210 16777216

Test time [ms]:6891.41
Program duration [ms]: 27741.8