Graph Coloring - v1.0.0
Graph Representation: Compressed Sparse Row
Coloring Algorithm: Parallel Jones-Plassmann (CUDA) 

Loading graph from /home/cardone/Desktop/graphs/gra/rgg_n_2_24_s0.gra
Graph succesfully loaded from file.
V: 16777216, E: 265114400, maxD: 40, minD: 0, avgD: 15.802
Init time [ms]: 10187.3
========================================================
1	num-cols: 35 	========================================================
2	num-cols: 34 	========================================================
3	num-cols: 33 	========================================================
4	num-cols: 34 	========================================================
5	num-cols: 34 	========================================================
6	num-cols: 34 	========================================================
7	num-cols: 35 	========================================================
8	num-cols: 36 	========================================================
9	num-cols: 35 	========================================================
10	num-cols: 34 	========================================================
11	num-cols: 34 	========================================================
12	num-cols: 35 	========================================================
13	num-cols: 34 	========================================================
14	num-cols: 35 	========================================================
15	num-cols: 34 	========================================================
16	num-cols: 33 	========================================================
17	num-cols: 36 	========================================================
18	num-cols: 34 	========================================================
19	num-cols: 33 	========================================================
20	num-cols: 34 	========================================================
Timings [ms]
Avg random vector initialization time: 90.2641
Avg allocation time: 1.6212
Avg upload time: 102.875
Avg process time: 113.17
Avg download time: 5.65255
Avg total time: 223.319
Inner total time (start to end function): 5110.96
Reset total time: 1805.28
Process total time: 4466.38
Avg number colors: 34
Colors per iteration:
iter 0: 1061266 2120460 3177971 4232120 5282189 6326943 7364963 8392452 9407036 10401820 11368529 12294967 13165110 13960005 14663048 15258349 15737898 16101622 16361740 16535942 16644866 16708519 16743421 16761448 16770285 16774275 16776028 16776769 16777032 16777148 16777190 16777208 16777213 16777215 16777216
iter 1: 1061230 2120248 3176999 4230441 5280648 6325673 7363022 8391269 9405750 10400793 11368080 12294927 13164960 13961083 14663490 15258354 15736968 16101011 16361069 16535139 16643992 16707807 16743128 16761419 16770195 16774228 16775986 16776712 16777005 16777127 16777177 16777207 16777213 16777216
iter 2: 1062108 2121245 3178239 4231440 5281619 6327111 7364357 8391787 9406074 10401247 11367327 12292882 13163515 13959625 14662150 15257372 15735868 16100834 16361263 16535316 16644501 16708415 16743469 16761554 16770360 16774333 16776046 16776783 16777054 16777174 16777209 16777215 16777216
iter 3: 1061268 2120857 3178322 4232728 5281473 6326095 7362906 8391189 9405384 10401251 11368270 12294717 13164732 13959973 14662484 15257208 15736710 16101334 16361516 16535618 16644949 16708847 16743903 16761870 16770478 16774386 16776077 16776779 16777043 16777148 16777188 16777206 16777213 16777216
iter 4: 1061437 2120692 3177827 4231699 5281434 6326167 7364344 8393063 9407341 10401488 11368888 12294092 13163932 13958865 14662240 15257461 15736658 16100834 16360867 16535090 16644141 16708173 16743380 16761447 16770222 16774260 16776000 16776737 16777022 16777144 16777195 16777208 16777215 16777216
iter 5: 1061854 2121304 3179589 4232728 5282856 6328218 7365420 8393908 9408231 10403791 11370470 12296084 13166012 13960987 14664259 15259273 15737902 16101770 16361764 16535729 16644804 16708679 16743606 16761623 16770307 16774278 16776057 16776778 16777043 16777145 16777188 16777205 16777211 16777216
iter 6: 1061575 2120590 3177410 4231219 5280979 6326333 7363611 8391656 9406334 10400780 11367107 12292975 13162989 13959142 14662491 15257438 15736573 16100642 16360824 16535442 16644749 16708673 16743670 16761617 16770334 16774375 16776138 16776824 16777047 16777139 16777183 16777201 16777212 16777215 16777216
iter 7: 1062061 2122036 3178941 4232914 5282798 6327635 7365033 8393099 9407642 10402856 11369093 12294303 13163306 13958718 14662251 15257311 15736270 16100765 16361561 16536089 16644782 16708428 16743459 16761413 16770243 16774298 16776076 16776782 16777049 16777154 16777188 16777202 16777210 16777213 16777215 16777216
iter 8: 1061884 2121062 3177809 4231814 5281885 6327134 7365706 8394452 9408539 10403749 11369928 12296759 13165680 13960708 14663969 15259346 15737626 16101732 16361840 16535546 16644419 16708236 16743293 16761490 16770295 16774327 16776052 16776756 16777040 16777141 16777181 16777200 16777208 16777214 16777216
iter 9: 1061126 2120197 3176595 4230123 5281120 6326948 7365648 8394130 9408993 10404026 11371264 12296902 13166503 13962247 14664265 15259093 15737866 16102377 16362700 16536457 16644935 16708268 16743292 16761336 16770141 16774228 16776038 16776764 16777038 16777146 16777196 16777208 16777214 16777216
iter 10: 1061126 2120197 3176595 4230123 5281120 6326948 7365648 8394130 9408993 10404026 11371264 12296902 13166503 13962247 14664265 15259093 15737866 16102377 16362700 16536457 16644935 16708268 16743292 16761336 16770141 16774228 16776038 16776764 16777038 16777146 16777196 16777208 16777214 16777216
iter 11: 1061791 2121557 3178605 4231627 5281910 6328003 7365670 8393049 9407895 10403440 11369337 12296461 13166065 13961324 14664032 15259185 15737890 16101331 16361311 16535625 16644680 16708501 16743616 16761512 16770200 16774200 16775979 16776704 16777011 16777143 16777193 16777208 16777212 16777214 16777216
iter 12: 1062082 2120534 3177832 4231987 5282158 6327604 7366620 8395076 9409975 10404958 11370263 12296246 13165410 13960926 14664183 15258932 15738058 16101953 16362312 16536576 16645414 16708900 16743716 16761625 16770394 16774391 16776110 16776769 16777046 16777144 16777187 16777204 16777213 16777216
iter 13: 1060761 2120764 3178070 4232327 5283307 6328291 7366781 8394967 9409138 10403378 11369972 12296053 13166191 13961295 14664206 15258628 15737676 16101555 16361444 16535403 16644640 16708475 16743600 16761570 16770210 16774165 16775989 16776743 16777041 16777147 16777189 16777206 16777212 16777215 16777216
iter 14: 1062132 2121669 3179088 4232789 5282629 6326993 7365496 8393997 9408941 10403645 11370101 12295928 13165946 13960642 14662639 15257551 15736859 16100748 16360972 16535215 16644378 16708211 16743199 16761309 16770168 16774236 16775989 16776744 16777036 16777149 16777194 16777208 16777215 16777216
iter 15: 1061946 2121396 3178921 4233230 5283174 6327803 7365551 8393959 9408452 10403452 11369295 12295306 13165143 13960397 14663386 15259157 15738539 16102165 16362194 16536028 16644782 16708576 16743638 16761631 16770324 16774274 16775999 16776733 16777036 16777148 16777191 16777212 16777216
iter 16: 1062188 2121895 3178328 4231835 5282269 6327658 7365253 8393888 9408569 10403366 11370332 12296350 13166344 13962928 14666418 15261084 15739755 16103520 16362772 16536463 16645295 16708783 16743603 16761476 16770199 16774181 16775981 16776719 16777013 16777125 16777176 16777196 16777209 16777213 16777215 16777216
iter 17: 1061327 2120397 3177092 4232131 5282542 6326789 7364476 8392906 9407689 10402597 11369226 12295548 13164830 13960349 14662918 15258269 15736538 16100727 16360628 16535506 16644592 16708581 16743720 16761697 16770341 16774360 16776098 16776783 16777057 16777160 16777195 16777211 16777214 16777216
iter 18: 1061236 2120495 3177580 4231784 5281042 6325380 7363634 8392978 9408046 10402224 11369041 12295285 13164900 13960642 14663376 15258209 15736764 16100867 16361356 16535701 16644774 16708603 16743687 16761661 16770441 16774363 16776026 16776744 16777046 16777154 16777202 16777214 16777216
iter 19: 1061781 2120698 3178361 4231983 5282119 6327493 7365712 8393980 9408431 10403159 11369782 12295436 13164993 13961095 14663189 15257882 15736424 16100156 16360638 16535199 16644293 16708307 16743349 16761336 16770137 16774182 16775970 16776700 16777014 16777147 16777197 16777210 16777214 16777216

Test time [ms]:7533.12
Program duration [ms]: 29183.1