Graph Coloring - v1.0.0
Graph Representation: Compressed Sparse Row
Coloring Algorithm: Parallel Jones-Plassmann (CUDA) 

Loading graph from /home/cardone/Desktop/graphs/gra/rgg_n_2_22_s0.gra
Graph succesfully loaded from file.
V: 4194304, E: 60718396, maxD: 36, minD: 0, avgD: 14.4764
Init time [ms]: 2329.48
========================================================
1	num-cols: 30 	========================================================
2	num-cols: 30 	========================================================
3	num-cols: 30 	========================================================
4	num-cols: 30 	========================================================
5	num-cols: 30 	========================================================
6	num-cols: 30 	========================================================
7	num-cols: 30 	========================================================
8	num-cols: 30 	========================================================
9	num-cols: 31 	========================================================
10	num-cols: 31 	========================================================
11	num-cols: 31 	========================================================
12	num-cols: 31 	========================================================
13	num-cols: 32 	========================================================
14	num-cols: 32 	========================================================
15	num-cols: 32 	========================================================
16	num-cols: 32 	========================================================
17	num-cols: 31 	========================================================
18	num-cols: 31 	========================================================
19	num-cols: 31 	========================================================
20	num-cols: 31 	========================================================
Timings [ms]
Avg random vector initialization time: 22.9131
Avg allocation time: 0.56465
Avg upload time: 23.5471
Avg process time: 24.3775
Avg download time: 1.5481
Avg total time: 50.0373
Inner total time (start to end function): 1221.97
Reset total time: 458.262
Process total time: 1000.75
Avg number colors: 31
Colors per iteration:
iter 0: 290181 579313 867403 1154703 1440171 1723877 2004317 2281584 2552596 2814754 3065075 3298058 3508593 3691565 3842776 3961194 4048371 4108074 4146353 4169012 4181695 4188450 4191711 4193247 4193902 4194164 4194259 4194291 4194303 4194304
iter 1: 290181 579313 867403 1154703 1440171 1723877 2004317 2281584 2552596 2814754 3065075 3298058 3508593 3691565 3842776 3961194 4048371 4108074 4146353 4169012 4181695 4188450 4191711 4193247 4193902 4194164 4194259 4194291 4194303 4194304
iter 2: 290181 579313 867403 1154703 1440171 1723877 2004317 2281584 2552596 2814754 3065075 3298058 3508593 3691565 3842776 3961194 4048371 4108074 4146353 4169012 4181695 4188450 4191711 4193247 4193902 4194164 4194259 4194291 4194303 4194304
iter 3: 289519 578840 866964 1153944 1439753 1723809 2004679 2281372 2552495 2814849 3065295 3298075 3508602 3691007 3841950 3960302 4047273 4107273 4145847 4168908 4181660 4188352 4191670 4193188 4193834 4194129 4194241 4194281 4194299 4194304
iter 4: 289519 578840 866964 1153944 1439753 1723809 2004679 2281372 2552495 2814849 3065295 3298075 3508602 3691007 3841950 3960302 4047273 4107273 4145847 4168908 4181660 4188352 4191670 4193188 4193834 4194129 4194241 4194281 4194299 4194304
iter 5: 289519 578840 866964 1153944 1439753 1723809 2004679 2281372 2552495 2814849 3065295 3298075 3508602 3691007 3841950 3960302 4047273 4107273 4145847 4168908 4181660 4188352 4191670 4193188 4193834 4194129 4194241 4194281 4194299 4194304
iter 6: 289519 578840 866964 1153944 1439753 1723809 2004679 2281372 2552495 2814849 3065295 3298075 3508602 3691007 3841950 3960302 4047273 4107273 4145847 4168908 4181660 4188352 4191670 4193188 4193834 4194129 4194241 4194281 4194299 4194304
iter 7: 289519 578840 866964 1153944 1439753 1723809 2004679 2281372 2552495 2814849 3065295 3298075 3508602 3691007 3841950 3960302 4047273 4107273 4145847 4168908 4181660 4188352 4191670 4193188 4193834 4194129 4194241 4194281 4194299 4194304
iter 8: 289667 578862 867055 1154550 1440490 1724221 2005328 2282505 2553274 2815748 3066094 3299273 3509562 3692427 3843496 3961913 4048761 4108509 4146751 4169552 4182119 4188677 4191882 4193307 4193899 4194150 4194259 4194291 4194298 4194302 4194304
iter 9: 289667 578862 867055 1154550 1440490 1724221 2005328 2282505 2553274 2815748 3066094 3299273 3509562 3692427 3843496 3961913 4048761 4108509 4146751 4169552 4182119 4188677 4191882 4193307 4193899 4194150 4194259 4194291 4194298 4194302 4194304
iter 10: 289667 578862 867055 1154550 1440490 1724221 2005328 2282505 2553274 2815748 3066094 3299273 3509562 3692427 3843496 3961913 4048761 4108509 4146751 4169552 4182119 4188677 4191882 4193307 4193899 4194150 4194259 4194291 4194298 4194302 4194304
iter 11: 289667 578862 867055 1154550 1440490 1724221 2005328 2282505 2553274 2815748 3066094 3299273 3509562 3692427 3843496 3961913 4048761 4108509 4146751 4169552 4182119 4188677 4191882 4193307 4193899 4194150 4194259 4194291 4194298 4194302 4194304
iter 12: 290120 579380 867507 1154783 1440090 1723888 2004895 2282305 2553238 2815593 3065572 3298517 3508596 3691557 3842749 3960995 4048224 4108073 4146465 4169357 4182056 4188640 4191856 4193276 4193908 4194153 4194253 4194290 4194300 4194302 4194303 4194304
iter 13: 290120 579380 867507 1154783 1440090 1723888 2004895 2282305 2553238 2815593 3065572 3298517 3508596 3691557 3842749 3960995 4048224 4108073 4146465 4169357 4182056 4188640 4191856 4193276 4193908 4194153 4194253 4194290 4194300 4194302 4194303 4194304
iter 14: 290120 579380 867507 1154783 1440090 1723888 2004895 2282305 2553238 2815593 3065572 3298517 3508596 3691557 3842749 3960995 4048224 4108073 4146465 4169357 4182056 4188640 4191856 4193276 4193908 4194153 4194253 4194290 4194300 4194302 4194303 4194304
iter 15: 290120 579380 867507 1154783 1440090 1723888 2004895 2282305 2553238 2815593 3065572 3298517 3508596 3691557 3842749 3960995 4048224 4108073 4146465 4169357 4182056 4188640 4191856 4193276 4193908 4194153 4194253 4194290 4194300 4194302 4194303 4194304
iter 16: 289956 579529 868105 1154790 1440365 1723956 2004865 2282043 2553143 2815954 3066084 3299379 3509996 3692594 3843864 3962018 4049046 4108487 4146461 4169097 4181852 4188460 4191732 4193234 4193878 4194151 4194245 4194286 4194298 4194303 4194304
iter 17: 289956 579529 868105 1154790 1440365 1723956 2004865 2282043 2553143 2815954 3066084 3299379 3509996 3692594 3843864 3962018 4049046 4108487 4146461 4169097 4181852 4188460 4191732 4193234 4193878 4194151 4194245 4194286 4194298 4194303 4194304
iter 18: 289956 579529 868105 1154790 1440365 1723956 2004865 2282043 2553143 2815954 3066084 3299379 3509996 3692594 3843864 3962018 4049046 4108487 4146461 4169097 4181852 4188460 4191732 4193234 4193878 4194151 4194245 4194286 4194298 4194303 4194304
iter 19: 289956 579529 868105 1154790 1440365 1723956 2004865 2282043 2553143 2815954 3066084 3299379 3509996 3692594 3843864 3962018 4049046 4108487 4146461 4169097 4181852 4188460 4191732 4193234 4193878 4194151 4194245 4194286 4194298 4194303 4194304

Test time [ms]:1823.29
Program duration [ms]: 6995.54