Graph Coloring - v1.0.0
Graph Representation: Compressed Sparse Row
Coloring Algorithm: Parallel Jones-Plassmann (CUDA) 

Loading graph from /home/cardone/Desktop/graphs/gra/ASIC_320ks.gra
Graph succesfully loaded from file.
V: 321671, E: 1506136, maxD: 411, minD: 0, avgD: 4.68223
Init time [ms]: 73.378
========================================================
1	num-cols: 17 	========================================================
2	num-cols: 17 	========================================================
3	num-cols: 17 	========================================================
4	num-cols: 17 	========================================================
5	num-cols: 17 	========================================================
6	num-cols: 17 	========================================================
7	num-cols: 17 	========================================================
8	num-cols: 17 	========================================================
9	num-cols: 17 	========================================================
10	num-cols: 17 	========================================================
11	num-cols: 17 	========================================================
12	num-cols: 17 	========================================================
13	num-cols: 17 	========================================================
14	num-cols: 17 	========================================================
15	num-cols: 17 	========================================================
16	num-cols: 17 	========================================================
17	num-cols: 17 	========================================================
18	num-cols: 17 	========================================================
19	num-cols: 17 	========================================================
20	num-cols: 17 	========================================================
Timings [ms]
Avg random vector initialization time: 1.64585
Avg allocation time: 0.25015
Avg upload time: 0.7895
Avg process time: 3.4435
Avg download time: 0.1922
Avg total time: 4.67535
Inner total time (start to end function): 177.916
Reset total time: 32.917
Process total time: 93.507
Avg number colors: 17
Colors per iteration:
iter 0: 79473 144315 197694 238403 268171 289342 303245 311999 317105 319605 320814 321359 321569 321637 321665 321670 321671
iter 1: 79473 144315 197694 238403 268171 289342 303245 311999 317105 319605 320814 321359 321569 321637 321665 321670 321671
iter 2: 79473 144315 197694 238403 268171 289342 303245 311999 317105 319605 320814 321359 321569 321637 321665 321670 321671
iter 3: 79473 144315 197694 238403 268171 289342 303245 311999 317105 319605 320814 321359 321569 321637 321665 321670 321671
iter 4: 79473 144315 197694 238403 268171 289342 303245 311999 317105 319605 320814 321359 321569 321637 321665 321670 321671
iter 5: 79473 144315 197694 238403 268171 289342 303245 311999 317105 319605 320814 321359 321569 321637 321665 321670 321671
iter 6: 79473 144315 197694 238403 268171 289342 303245 311999 317105 319605 320814 321359 321569 321637 321665 321670 321671
iter 7: 79473 144315 197694 238403 268171 289342 303245 311999 317105 319605 320814 321359 321569 321637 321665 321670 321671
iter 8: 79473 144315 197694 238403 268171 289342 303245 311999 317105 319605 320814 321359 321569 321637 321665 321670 321671
iter 9: 79473 144315 197694 238403 268171 289342 303245 311999 317105 319605 320814 321359 321569 321637 321665 321670 321671
iter 10: 79473 144315 197694 238403 268171 289342 303245 311999 317105 319605 320814 321359 321569 321637 321665 321670 321671
iter 11: 79473 144315 197694 238403 268171 289342 303245 311999 317105 319605 320814 321359 321569 321637 321665 321670 321671
iter 12: 79473 144315 197694 238403 268171 289342 303245 311999 317105 319605 320814 321359 321569 321637 321665 321670 321671
iter 13: 79473 144315 197694 238403 268171 289342 303245 311999 317105 319605 320814 321359 321569 321637 321665 321670 321671
iter 14: 79473 144315 197694 238403 268171 289342 303245 311999 317105 319605 320814 321359 321569 321637 321665 321670 321671
iter 15: 79473 144315 197694 238403 268171 289342 303245 311999 317105 319605 320814 321359 321569 321637 321665 321670 321671
iter 16: 79473 144315 197694 238403 268171 289342 303245 311999 317105 319605 320814 321359 321569 321637 321665 321670 321671
iter 17: 79473 144315 197694 238403 268171 289342 303245 311999 317105 319605 320814 321359 321569 321637 321665 321670 321671
iter 18: 79473 144315 197694 238403 268171 289342 303245 311999 317105 319605 320814 321359 321569 321637 321665 321670 321671
iter 19: 79473 144315 197694 238403 268171 289342 303245 311999 317105 319605 320814 321359 321569 321637 321665 321670 321671

Test time [ms]:62.18
Program duration [ms]: 416.633