Graph Coloring - v1.0.0
Graph Representation: Compressed Sparse Row
Coloring Algorithm: Parallel Jones-Plassmann (CUDA) Min-Max Independent Sets

Loading graph from /home/cardone/Desktop/graphs/gra/rgg_n_2_23_s0.gra
Graph succesfully loaded from file.
V: 8388608, E: 127002786, maxD: 40, minD: 0, avgD: 15.1399
Init time [ms]: 4740.37
========================================================
1	num-cols: 33 	========================================================
2	num-cols: 33 	========================================================
3	num-cols: 33 	========================================================
4	num-cols: 31 	========================================================
5	num-cols: 31 	========================================================
6	num-cols: 36 	========================================================
7	num-cols: 36 	========================================================
8	num-cols: 36 	========================================================
9	num-cols: 33 	========================================================
10	num-cols: 33 	========================================================
11	num-cols: 34 	========================================================
12	num-cols: 34 	========================================================
13	num-cols: 35 	========================================================
14	num-cols: 35 	========================================================
15	num-cols: 33 	========================================================
16	num-cols: 33 	========================================================
17	num-cols: 33 	========================================================
18	num-cols: 33 	========================================================
19	num-cols: 33 	========================================================
20	num-cols: 34 	========================================================
Timings [ms]
Avg random vector initialization time: 44.5201
Avg allocation time: 0.9456
Avg upload time: 49.0276
Avg process time: 25.2401
Avg download time: 2.8829
Avg total time: 78.0962
Inner total time (start to end function): 1930.43
Reset total time: 890.401
Process total time: 1561.92
Avg number colors: 34
Colors per iteration:
iter 0: 1107865 2210097 3303205 4378554 5417640 6378062 7190435 7785428 8140603 8307624 8367733 8384348 8387899 8388494 8388590 8388606 8388608
iter 1: 1107914 2209673 3302257 4377206 5416047 6375901 7189156 7784293 8140265 8307706 8367679 8384182 8387801 8388476 8388583 8388604 8388608
iter 2: 1107914 2209673 3302257 4377206 5416047 6375901 7189156 7784293 8140265 8307706 8367679 8384182 8387801 8388476 8388583 8388604 8388608
iter 3: 1108162 2210461 3303797 4379288 5418517 6378319 7191177 7786458 8141345 8307787 8367640 8384238 8387847 8388494 8388596 8388608
iter 4: 1108162 2210461 3303797 4379288 5418517 6378319 7191177 7786458 8141345 8307787 8367640 8384238 8387847 8388494 8388596 8388608
iter 5: 1108382 2212092 3305534 4380695 5418460 6377633 7190714 7786095 8141504 8307726 8367531 8384216 8387839 8388488 8388582 8388603 8388606 8388608
iter 6: 1108382 2212092 3305534 4380695 5418460 6377633 7190714 7786095 8141504 8307726 8367531 8384216 8387839 8388488 8388582 8388603 8388606 8388608
iter 7: 1108382 2212092 3305534 4380695 5418460 6377633 7190714 7786095 8141504 8307726 8367531 8384216 8387839 8388488 8388582 8388603 8388606 8388608
iter 8: 1108628 2211449 3304180 4378917 5416347 6376905 7189650 7785137 8141201 8307802 8367859 8384327 8387867 8388483 8388595 8388606 8388608
iter 9: 1108628 2211449 3304180 4378917 5416347 6376905 7189650 7785137 8141201 8307802 8367859 8384327 8387867 8388483 8388595 8388606 8388608
iter 10: 1108359 2211030 3303965 4379086 5416936 6376224 7188890 7784936 8141184 8307754 8367733 8384282 8387874 8388503 8388591 8388605 8388608
iter 11: 1108359 2211030 3303965 4379086 5416936 6376224 7188890 7784936 8141184 8307754 8367733 8384282 8387874 8388503 8388591 8388605 8388608
iter 12: 1108255 2210602 3302909 4377903 5416485 6376753 7189105 7784819 8140960 8307623 8367511 8384193 8387864 8388495 8388584 8388603 8388607 8388608
iter 13: 1108255 2210602 3302909 4377903 5416485 6376753 7189105 7784819 8140960 8307623 8367511 8384193 8387864 8388495 8388584 8388603 8388607 8388608
iter 14: 1108245 2210643 3303957 4380100 5418617 6378493 7191208 7786218 8141536 8308326 8367971 8384344 8387862 8388490 8388594 8388607 8388608
iter 15: 1108245 2210643 3303957 4380100 5418617 6378493 7191208 7786218 8141536 8308326 8367971 8384344 8387862 8388490 8388594 8388607 8388608
iter 16: 1108245 2210643 3303957 4380100 5418617 6378493 7191208 7786218 8141536 8308326 8367971 8384344 8387862 8388490 8388594 8388607 8388608
iter 17: 1107285 2209779 3303507 4378934 5417762 6377009 7190116 7785222 8141027 8307777 8367526 8384178 8387860 8388487 8388580 8388605 8388608
iter 18: 1107285 2209779 3303507 4378934 5417762 6377009 7190116 7785222 8141027 8307777 8367526 8384178 8387860 8388487 8388580 8388605 8388608
iter 19: 1108848 2211966 3305614 4380103 5418784 6378891 7192130 7787124 8141748 8308111 8367960 8384345 8387852 8388488 8388588 8388603 8388608

Test time [ms]:3689.23
Program duration [ms]: 13767.9