Graph Coloring - v1.0.0
Graph Representation: Compressed Sparse Row
Coloring Algorithm: Parallel Jones-Plassmann (CUDA) 

Loading graph from /home/cardone/Desktop/graphs/gra/rgg_n_2_23_s0.gra
Graph succesfully loaded from file.
V: 8388608, E: 127002786, maxD: 40, minD: 0, avgD: 15.1399
Init time [ms]: 4851.28
========================================================
1	num-cols: 34 	========================================================
2	num-cols: 32 	========================================================
3	num-cols: 32 	========================================================
4	num-cols: 33 	========================================================
5	num-cols: 33 	========================================================
6	num-cols: 33 	========================================================
7	num-cols: 33 	========================================================
8	num-cols: 32 	========================================================
9	num-cols: 32 	========================================================
10	num-cols: 32 	========================================================
11	num-cols: 32 	========================================================
12	num-cols: 32 	========================================================
13	num-cols: 33 	========================================================
14	num-cols: 33 	========================================================
15	num-cols: 32 	========================================================
16	num-cols: 32 	========================================================
17	num-cols: 32 	========================================================
18	num-cols: 32 	========================================================
19	num-cols: 31 	========================================================
20	num-cols: 31 	========================================================
Timings [ms]
Avg random vector initialization time: 44.9474
Avg allocation time: 0.91915
Avg upload time: 49.2347
Avg process time: 50.0134
Avg download time: 2.9367
Avg total time: 103.104
Inner total time (start to end function): 2430.34
Reset total time: 898.948
Process total time: 2062.08
Avg number colors: 32
Colors per iteration:
iter 0: 554451 1107710 1658820 2208419 2756301 3300386 3840176 4373113 4897525 5408688 5901967 6368107 6799379 7184770 7515095 7784673 7992425 8142806 8244776 8309219 8347046 8368060 8379034 8384413 8386861 8387881 8388329 8388507 8388574 8388595 8388603 8388606 8388607 8388608
iter 1: 554132 1107364 1658514 2207571 2754972 3299257 3838748 4372539 4897388 5408735 5902052 6368857 6800056 7185574 7515917 7785644 7993156 8143053 8244561 8308980 8347272 8368387 8379265 8384482 8386852 8387887 8388330 8388507 8388574 8388593 8388605 8388608
iter 2: 554132 1107364 1658514 2207571 2754972 3299257 3838748 4372539 4897388 5408735 5902052 6368857 6800056 7185574 7515917 7785644 7993156 8143053 8244561 8308980 8347272 8368387 8379265 8384482 8386852 8387887 8388330 8388507 8388574 8388593 8388605 8388608
iter 3: 554057 1106962 1658333 2208030 2755425 3298945 3838384 4371603 4896582 5407865 5901010 6368213 6798977 7183849 7514341 7784054 7991680 8142368 8244457 8309173 8347306 8368349 8379216 8384549 8386911 8387933 8388352 8388520 8388580 8388599 8388605 8388607 8388608
iter 4: 554057 1106962 1658333 2208030 2755425 3298945 3838384 4371603 4896582 5407865 5901010 6368213 6798977 7183849 7514341 7784054 7991680 8142368 8244457 8309173 8347306 8368349 8379216 8384549 8386911 8387933 8388352 8388520 8388580 8388599 8388605 8388607 8388608
iter 5: 554563 1107600 1659274 2208950 2756331 3300319 3839958 4373327 4898529 5410229 5902927 6369736 6800970 7185616 7515645 7785082 7992493 8142385 8244405 8308820 8347001 8368162 8378972 8384363 8386835 8387891 8388321 8388492 8388559 8388590 8388602 8388607 8388608
iter 6: 554563 1107600 1659274 2208950 2756331 3300319 3839958 4373327 4898529 5410229 5902927 6369736 6800970 7185616 7515645 7785082 7992493 8142385 8244405 8308820 8347001 8368162 8378972 8384363 8386835 8387891 8388321 8388492 8388559 8388590 8388602 8388607 8388608
iter 7: 554018 1107237 1658736 2208015 2754753 3298689 3838440 4371767 4895969 5407411 5900478 6368094 6798879 7184398 7515140 7784326 7991535 8141462 8243393 8308222 8346739 8368005 8378980 8384312 8386796 8387882 8388342 8388517 8388580 8388600 8388606 8388608
iter 8: 554018 1107237 1658736 2208015 2754753 3298689 3838440 4371767 4895969 5407411 5900478 6368094 6798879 7184398 7515140 7784326 7991535 8141462 8243393 8308222 8346739 8368005 8378980 8384312 8386796 8387882 8388342 8388517 8388580 8388600 8388606 8388608
iter 9: 554161 1106927 1657871 2207556 2754948 3299373 3839450 4373243 4897414 5409142 5901488 6368346 6799845 7185469 7515488 7784828 7992223 8142846 8244811 8309170 8347296 8368383 8379230 8384540 8386929 8387927 8388344 8388517 8388573 8388598 8388606 8388608
iter 10: 554161 1106927 1657871 2207556 2754948 3299373 3839450 4373243 4897414 5409142 5901488 6368346 6799845 7185469 7515488 7784828 7992223 8142846 8244811 8309170 8347296 8368383 8379230 8384540 8386929 8387927 8388344 8388517 8388573 8388598 8388606 8388608
iter 11: 554161 1106927 1657871 2207556 2754948 3299373 3839450 4373243 4897414 5409142 5901488 6368346 6799845 7185469 7515488 7784828 7992223 8142846 8244811 8309170 8347296 8368383 8379230 8384540 8386929 8387927 8388344 8388517 8388573 8388598 8388606 8388608
iter 12: 554643 1107604 1658730 2208332 2755466 3299453 3838691 4372097 4897017 5409329 5902741 6369707 6800237 7184920 7514912 7784291 7992702 8143311 8245022 8309503 8347508 8368285 8379071 8384321 8386772 8387850 8388306 8388505 8388578 8388599 8388605 8388607 8388608
iter 13: 554643 1107604 1658730 2208332 2755466 3299453 3838691 4372097 4897017 5409329 5902741 6369707 6800237 7184920 7514912 7784291 7992702 8143311 8245022 8309503 8347508 8368285 8379071 8384321 8386772 8387850 8388306 8388505 8388578 8388599 8388605 8388607 8388608
iter 14: 553750 1106334 1657478 2206760 2753635 3297649 3837438 4371014 4895997 5407822 5901234 6367700 6798017 7182469 7512765 7782980 7991144 8141678 8243760 8308518 8346666 8367941 8379075 8384396 8386847 8387914 8388355 8388520 8388575 8388597 8388605 8388608
iter 15: 553750 1106334 1657478 2206760 2753635 3297649 3837438 4371014 4895997 5407822 5901234 6367700 6798017 7182469 7512765 7782980 7991144 8141678 8243760 8308518 8346666 8367941 8379075 8384396 8386847 8387914 8388355 8388520 8388575 8388597 8388605 8388608
iter 16: 554865 1107962 1659513 2209621 2756293 3300454 3839937 4372702 4897408 5408630 5901698 6368218 6799009 7184236 7514785 7784223 7991782 8142131 8244174 8308729 8346990 8368169 8379132 8384411 8386798 8387876 8388333 8388513 8388578 8388600 8388607 8388608
iter 17: 554865 1107962 1659513 2209621 2756293 3300454 3839937 4372702 4897408 5408630 5901698 6368218 6799009 7184236 7514785 7784223 7991782 8142131 8244174 8308729 8346990 8368169 8379132 8384411 8386798 8387876 8388333 8388513 8388578 8388600 8388607 8388608
iter 18: 554215 1107339 1659571 2209502 2756821 3301616 3841210 4375172 4899228 5411084 5903879 6370472 6801285 7185991 7516333 7785551 7992992 8143123 8245121 8309522 8347513 8368310 8379090 8384371 8386806 8387875 8388324 8388499 8388573 8388599 8388608
iter 19: 554215 1107339 1659571 2209502 2756821 3301616 3841210 4375172 4899228 5411084 5903879 6370472 6801285 7185991 7516333 7785551 7992992 8143123 8245121 8309522 8347513 8368310 8379090 8384371 8386806 8387875 8388324 8388499 8388573 8388599 8388608

Test time [ms]:3649.59
Program duration [ms]: 14087.2