Graph Coloring - v1.0.0
Graph Representation: Compressed Sparse Row
Coloring Algorithm: Parallel Jones-Plassmann (CUDA) 

Loading graph from /home/cardone/Desktop/graphs/gra/rgg_n_2_20_s0.gra
Graph succesfully loaded from file.
V: 1048576, E: 13783240, maxD: 36, minD: 0, avgD: 13.1447
Init time [ms]: 525.288
========================================================
1	num-cols: 29 	========================================================
2	num-cols: 29 	========================================================
3	num-cols: 29 	========================================================
4	num-cols: 29 	========================================================
5	num-cols: 29 	========================================================
6	num-cols: 29 	========================================================
7	num-cols: 29 	========================================================
8	num-cols: 29 	========================================================
9	num-cols: 29 	========================================================
10	num-cols: 29 	========================================================
11	num-cols: 29 	========================================================
12	num-cols: 29 	========================================================
13	num-cols: 27 	========================================================
14	num-cols: 27 	========================================================
15	num-cols: 27 	========================================================
16	num-cols: 27 	========================================================
17	num-cols: 27 	========================================================
18	num-cols: 27 	========================================================
19	num-cols: 27 	========================================================
20	num-cols: 27 	========================================================
Timings [ms]
Avg random vector initialization time: 5.6789
Avg allocation time: 0.29655
Avg upload time: 5.58155
Avg process time: 6.8954
Avg download time: 0.4308
Avg total time: 13.2043
Inner total time (start to end function): 357.459
Reset total time: 113.578
Process total time: 264.086
Avg number colors: 28
Colors per iteration:
iter 0: 79925 159761 238905 317728 396065 473581 549703 624143 695905 763846 826749 882694 930235 968784 997712 1018058 1031379 1039502 1044071 1046436 1047624 1048192 1048427 1048519 1048551 1048566 1048572 1048575 1048576
iter 1: 79925 159761 238905 317728 396065 473581 549703 624143 695905 763846 826749 882694 930235 968784 997712 1018058 1031379 1039502 1044071 1046436 1047624 1048192 1048427 1048519 1048551 1048566 1048572 1048575 1048576
iter 2: 79925 159761 238905 317728 396065 473581 549703 624143 695905 763846 826749 882694 930235 968784 997712 1018058 1031379 1039502 1044071 1046436 1047624 1048192 1048427 1048519 1048551 1048566 1048572 1048575 1048576
iter 3: 79925 159761 238905 317728 396065 473581 549703 624143 695905 763846 826749 882694 930235 968784 997712 1018058 1031379 1039502 1044071 1046436 1047624 1048192 1048427 1048519 1048551 1048566 1048572 1048575 1048576
iter 4: 79925 159761 238905 317728 396065 473581 549703 624143 695905 763846 826749 882694 930235 968784 997712 1018058 1031379 1039502 1044071 1046436 1047624 1048192 1048427 1048519 1048551 1048566 1048572 1048575 1048576
iter 5: 79925 159761 238905 317728 396065 473581 549703 624143 695905 763846 826749 882694 930235 968784 997712 1018058 1031379 1039502 1044071 1046436 1047624 1048192 1048427 1048519 1048551 1048566 1048572 1048575 1048576
iter 6: 79925 159761 238905 317728 396065 473581 549703 624143 695905 763846 826749 882694 930235 968784 997712 1018058 1031379 1039502 1044071 1046436 1047624 1048192 1048427 1048519 1048551 1048566 1048572 1048575 1048576
iter 7: 79925 159761 238905 317728 396065 473581 549703 624143 695905 763846 826749 882694 930235 968784 997712 1018058 1031379 1039502 1044071 1046436 1047624 1048192 1048427 1048519 1048551 1048566 1048572 1048575 1048576
iter 8: 79925 159761 238905 317728 396065 473581 549703 624143 695905 763846 826749 882694 930235 968784 997712 1018058 1031379 1039502 1044071 1046436 1047624 1048192 1048427 1048519 1048551 1048566 1048572 1048575 1048576
iter 9: 79925 159761 238905 317728 396065 473581 549703 624143 695905 763846 826749 882694 930235 968784 997712 1018058 1031379 1039502 1044071 1046436 1047624 1048192 1048427 1048519 1048551 1048566 1048572 1048575 1048576
iter 10: 79925 159761 238905 317728 396065 473581 549703 624143 695905 763846 826749 882694 930235 968784 997712 1018058 1031379 1039502 1044071 1046436 1047624 1048192 1048427 1048519 1048551 1048566 1048572 1048575 1048576
iter 11: 79925 159761 238905 317728 396065 473581 549703 624143 695905 763846 826749 882694 930235 968784 997712 1018058 1031379 1039502 1044071 1046436 1047624 1048192 1048427 1048519 1048551 1048566 1048572 1048575 1048576
iter 12: 79917 159238 238635 317589 395615 473078 549325 623790 695587 763619 826266 882416 930064 968565 997592 1018093 1031428 1039586 1044113 1046485 1047630 1048198 1048432 1048529 1048570 1048575 1048576
iter 13: 79917 159238 238635 317589 395615 473078 549325 623790 695587 763619 826266 882416 930064 968565 997592 1018093 1031428 1039586 1044113 1046485 1047630 1048198 1048432 1048529 1048570 1048575 1048576
iter 14: 79917 159238 238635 317589 395615 473078 549325 623790 695587 763619 826266 882416 930064 968565 997592 1018093 1031428 1039586 1044113 1046485 1047630 1048198 1048432 1048529 1048570 1048575 1048576
iter 15: 79917 159238 238635 317589 395615 473078 549325 623790 695587 763619 826266 882416 930064 968565 997592 1018093 1031428 1039586 1044113 1046485 1047630 1048198 1048432 1048529 1048570 1048575 1048576
iter 16: 79917 159238 238635 317589 395615 473078 549325 623790 695587 763619 826266 882416 930064 968565 997592 1018093 1031428 1039586 1044113 1046485 1047630 1048198 1048432 1048529 1048570 1048575 1048576
iter 17: 79917 159238 238635 317589 395615 473078 549325 623790 695587 763619 826266 882416 930064 968565 997592 1018093 1031428 1039586 1044113 1046485 1047630 1048198 1048432 1048529 1048570 1048575 1048576
iter 18: 79917 159238 238635 317589 395615 473078 549325 623790 695587 763619 826266 882416 930064 968565 997592 1018093 1031428 1039586 1044113 1046485 1047630 1048198 1048432 1048529 1048570 1048575 1048576
iter 19: 79917 159238 238635 317589 395615 473078 549325 623790 695587 763619 826266 882416 930064 968565 997592 1018093 1031428 1039586 1044113 1046485 1047630 1048198 1048432 1048529 1048570 1048575 1048576

Test time [ms]:426.709
Program duration [ms]: 1681.27