Graph Coloring - v1.0.0
Graph Representation: Compressed Sparse Row
Coloring Algorithm: Parallel Jones-Plassmann (CUDA) Min-Max Independent Sets

Loading graph from /home/cardone/Desktop/graphs/gra/email_enron.gra
Graph succesfully loaded from file.
V: 36692, E: 367662, maxD: 1383, minD: 1, avgD: 10.0202
Init time [ms]: 14.205
========================================================
1	num-cols: 117 	========================================================
2	num-cols: 117 	========================================================
3	num-cols: 117 	========================================================
4	num-cols: 117 	========================================================
5	num-cols: 117 	========================================================
6	num-cols: 117 	========================================================
7	num-cols: 117 	========================================================
8	num-cols: 117 	========================================================
9	num-cols: 117 	========================================================
10	num-cols: 117 	========================================================
11	num-cols: 117 	========================================================
12	num-cols: 117 	========================================================
13	num-cols: 117 	========================================================
14	num-cols: 117 	========================================================
15	num-cols: 117 	========================================================
16	num-cols: 117 	========================================================
17	num-cols: 117 	========================================================
18	num-cols: 117 	========================================================
19	num-cols: 117 	========================================================
20	num-cols: 117 	========================================================
Timings [ms]
Avg random vector initialization time: 0.18665
Avg allocation time: 0.25335
Avg upload time: 0.18795
Avg process time: 15.7827
Avg download time: 0.0277
Avg total time: 16.2517
Inner total time (start to end function): 381.625
Reset total time: 3.733
Process total time: 325.034
Avg number colors: 117
Colors per iteration:
iter 0: 20153 26227 29461 31359 32494 33219 33787 34171 34518 34763 34948 35129 35280 35418 35544 35647 35731 35803 35882 35939 36001 36058 36112 36151 36185 36221 36259 36294 36332 36356 36389 36419 36444 36463 36481 36499 36519 36536 36556 36569 36578 36589 36599 36607 36614 36624 36633 36641 36651 36659 36666 36671 36674 36678 36681 36685 36687 36691 36692
iter 1: 20153 26227 29461 31359 32494 33219 33787 34171 34518 34763 34948 35129 35280 35418 35544 35647 35731 35803 35882 35939 36001 36058 36112 36151 36185 36221 36259 36294 36332 36356 36389 36419 36444 36463 36481 36499 36519 36536 36556 36569 36578 36589 36599 36607 36614 36624 36633 36641 36651 36659 36666 36671 36674 36678 36681 36685 36687 36691 36692
iter 2: 20153 26227 29461 31359 32494 33219 33787 34171 34518 34763 34948 35129 35280 35418 35544 35647 35731 35803 35882 35939 36001 36058 36112 36151 36185 36221 36259 36294 36332 36356 36389 36419 36444 36463 36481 36499 36519 36536 36556 36569 36578 36589 36599 36607 36614 36624 36633 36641 36651 36659 36666 36671 36674 36678 36681 36685 36687 36691 36692
iter 3: 20153 26227 29461 31359 32494 33219 33787 34171 34518 34763 34948 35129 35280 35418 35544 35647 35731 35803 35882 35939 36001 36058 36112 36151 36185 36221 36259 36294 36332 36356 36389 36419 36444 36463 36481 36499 36519 36536 36556 36569 36578 36589 36599 36607 36614 36624 36633 36641 36651 36659 36666 36671 36674 36678 36681 36685 36687 36691 36692
iter 4: 20153 26227 29461 31359 32494 33219 33787 34171 34518 34763 34948 35129 35280 35418 35544 35647 35731 35803 35882 35939 36001 36058 36112 36151 36185 36221 36259 36294 36332 36356 36389 36419 36444 36463 36481 36499 36519 36536 36556 36569 36578 36589 36599 36607 36614 36624 36633 36641 36651 36659 36666 36671 36674 36678 36681 36685 36687 36691 36692
iter 5: 20153 26227 29461 31359 32494 33219 33787 34171 34518 34763 34948 35129 35280 35418 35544 35647 35731 35803 35882 35939 36001 36058 36112 36151 36185 36221 36259 36294 36332 36356 36389 36419 36444 36463 36481 36499 36519 36536 36556 36569 36578 36589 36599 36607 36614 36624 36633 36641 36651 36659 36666 36671 36674 36678 36681 36685 36687 36691 36692
iter 6: 20153 26227 29461 31359 32494 33219 33787 34171 34518 34763 34948 35129 35280 35418 35544 35647 35731 35803 35882 35939 36001 36058 36112 36151 36185 36221 36259 36294 36332 36356 36389 36419 36444 36463 36481 36499 36519 36536 36556 36569 36578 36589 36599 36607 36614 36624 36633 36641 36651 36659 36666 36671 36674 36678 36681 36685 36687 36691 36692
iter 7: 20153 26227 29461 31359 32494 33219 33787 34171 34518 34763 34948 35129 35280 35418 35544 35647 35731 35803 35882 35939 36001 36058 36112 36151 36185 36221 36259 36294 36332 36356 36389 36419 36444 36463 36481 36499 36519 36536 36556 36569 36578 36589 36599 36607 36614 36624 36633 36641 36651 36659 36666 36671 36674 36678 36681 36685 36687 36691 36692
iter 8: 20153 26227 29461 31359 32494 33219 33787 34171 34518 34763 34948 35129 35280 35418 35544 35647 35731 35803 35882 35939 36001 36058 36112 36151 36185 36221 36259 36294 36332 36356 36389 36419 36444 36463 36481 36499 36519 36536 36556 36569 36578 36589 36599 36607 36614 36624 36633 36641 36651 36659 36666 36671 36674 36678 36681 36685 36687 36691 36692
iter 9: 20153 26227 29461 31359 32494 33219 33787 34171 34518 34763 34948 35129 35280 35418 35544 35647 35731 35803 35882 35939 36001 36058 36112 36151 36185 36221 36259 36294 36332 36356 36389 36419 36444 36463 36481 36499 36519 36536 36556 36569 36578 36589 36599 36607 36614 36624 36633 36641 36651 36659 36666 36671 36674 36678 36681 36685 36687 36691 36692
iter 10: 20153 26227 29461 31359 32494 33219 33787 34171 34518 34763 34948 35129 35280 35418 35544 35647 35731 35803 35882 35939 36001 36058 36112 36151 36185 36221 36259 36294 36332 36356 36389 36419 36444 36463 36481 36499 36519 36536 36556 36569 36578 36589 36599 36607 36614 36624 36633 36641 36651 36659 36666 36671 36674 36678 36681 36685 36687 36691 36692
iter 11: 20153 26227 29461 31359 32494 33219 33787 34171 34518 34763 34948 35129 35280 35418 35544 35647 35731 35803 35882 35939 36001 36058 36112 36151 36185 36221 36259 36294 36332 36356 36389 36419 36444 36463 36481 36499 36519 36536 36556 36569 36578 36589 36599 36607 36614 36624 36633 36641 36651 36659 36666 36671 36674 36678 36681 36685 36687 36691 36692
iter 12: 20153 26227 29461 31359 32494 33219 33787 34171 34518 34763 34948 35129 35280 35418 35544 35647 35731 35803 35882 35939 36001 36058 36112 36151 36185 36221 36259 36294 36332 36356 36389 36419 36444 36463 36481 36499 36519 36536 36556 36569 36578 36589 36599 36607 36614 36624 36633 36641 36651 36659 36666 36671 36674 36678 36681 36685 36687 36691 36692
iter 13: 20153 26227 29461 31359 32494 33219 33787 34171 34518 34763 34948 35129 35280 35418 35544 35647 35731 35803 35882 35939 36001 36058 36112 36151 36185 36221 36259 36294 36332 36356 36389 36419 36444 36463 36481 36499 36519 36536 36556 36569 36578 36589 36599 36607 36614 36624 36633 36641 36651 36659 36666 36671 36674 36678 36681 36685 36687 36691 36692
iter 14: 20153 26227 29461 31359 32494 33219 33787 34171 34518 34763 34948 35129 35280 35418 35544 35647 35731 35803 35882 35939 36001 36058 36112 36151 36185 36221 36259 36294 36332 36356 36389 36419 36444 36463 36481 36499 36519 36536 36556 36569 36578 36589 36599 36607 36614 36624 36633 36641 36651 36659 36666 36671 36674 36678 36681 36685 36687 36691 36692
iter 15: 20153 26227 29461 31359 32494 33219 33787 34171 34518 34763 34948 35129 35280 35418 35544 35647 35731 35803 35882 35939 36001 36058 36112 36151 36185 36221 36259 36294 36332 36356 36389 36419 36444 36463 36481 36499 36519 36536 36556 36569 36578 36589 36599 36607 36614 36624 36633 36641 36651 36659 36666 36671 36674 36678 36681 36685 36687 36691 36692
iter 16: 20153 26227 29461 31359 32494 33219 33787 34171 34518 34763 34948 35129 35280 35418 35544 35647 35731 35803 35882 35939 36001 36058 36112 36151 36185 36221 36259 36294 36332 36356 36389 36419 36444 36463 36481 36499 36519 36536 36556 36569 36578 36589 36599 36607 36614 36624 36633 36641 36651 36659 36666 36671 36674 36678 36681 36685 36687 36691 36692
iter 17: 20153 26227 29461 31359 32494 33219 33787 34171 34518 34763 34948 35129 35280 35418 35544 35647 35731 35803 35882 35939 36001 36058 36112 36151 36185 36221 36259 36294 36332 36356 36389 36419 36444 36463 36481 36499 36519 36536 36556 36569 36578 36589 36599 36607 36614 36624 36633 36641 36651 36659 36666 36671 36674 36678 36681 36685 36687 36691 36692
iter 18: 20153 26227 29461 31359 32494 33219 33787 34171 34518 34763 34948 35129 35280 35418 35544 35647 35731 35803 35882 35939 36001 36058 36112 36151 36185 36221 36259 36294 36332 36356 36389 36419 36444 36463 36481 36499 36519 36536 36556 36569 36578 36589 36599 36607 36614 36624 36633 36641 36651 36659 36666 36671 36674 36678 36681 36685 36687 36691 36692
iter 19: 20153 26227 29461 31359 32494 33219 33787 34171 34518 34763 34948 35129 35280 35418 35544 35647 35731 35803 35882 35939 36001 36058 36112 36151 36185 36221 36259 36294 36332 36356 36389 36419 36444 36463 36481 36499 36519 36536 36556 36569 36578 36589 36599 36607 36614 36624 36633 36641 36651 36659 36666 36671 36674 36678 36681 36685 36687 36691 36692

Test time [ms]:10.737
Program duration [ms]: 422.23