Graph Coloring - v1.0.0
Graph Representation: Compressed Sparse Row
Coloring Algorithm: Parallel Jones-Plassmann (CUDA) 

Loading graph from /home/cardone/Desktop/graphs/gra/email_enron.gra
Graph succesfully loaded from file.
V: 36692, E: 367662, maxD: 1383, minD: 1, avgD: 10.0202
Init time [ms]: 14.114
========================================================
1	num-cols: 118 	========================================================
2	num-cols: 118 	========================================================
3	num-cols: 118 	========================================================
4	num-cols: 118 	========================================================
5	num-cols: 118 	========================================================
6	num-cols: 118 	========================================================
7	num-cols: 118 	========================================================
8	num-cols: 118 	========================================================
9	num-cols: 118 	========================================================
10	num-cols: 118 	========================================================
11	num-cols: 118 	========================================================
12	num-cols: 118 	========================================================
13	num-cols: 118 	========================================================
14	num-cols: 118 	========================================================
15	num-cols: 118 	========================================================
16	num-cols: 118 	========================================================
17	num-cols: 121 	========================================================
18	num-cols: 121 	========================================================
19	num-cols: 121 	========================================================
20	num-cols: 121 	========================================================
Timings [ms]
Avg random vector initialization time: 0.1865
Avg allocation time: 0.25645
Avg upload time: 0.1926
Avg process time: 33.1702
Avg download time: 0.02735
Avg total time: 33.6466
Inner total time (start to end function): 747.313
Reset total time: 3.73
Process total time: 672.933
Avg number colors: 119
Colors per iteration:
iter 0: 9362 16994 21550 24947 27251 28794 30045 30965 31694 32228 32672 33021 33346 33587 33784 34001 34187 34361 34482 34645 34760 34854 34961 35045 35121 35192 35269 35332 35385 35444 35506 35559 35597 35635 35673 35718 35755 35789 35835 35873 35904 35947 35976 35998 36031 36053 36079 36103 36123 36150 36169 36194 36210 36224 36242 36254 36269 36295 36315 36328 36339 36353 36367 36375 36386 36396 36409 36414 36421 36436 36450 36461 36473 36478 36488 36497 36503 36511 36519 36523 36531 36537 36543 36552 36560 36563 36569 36574 36581 36593 36596 36603 36606 36611 36616 36620 36623 36628 36637 36641 36646 36651 36658 36664 36666 36668 36669 36670 36673 36675 36677 36679 36681 36683 36684 36687 36691 36692
iter 1: 9362 16994 21550 24947 27251 28794 30045 30965 31694 32228 32672 33021 33346 33587 33784 34001 34187 34361 34482 34645 34760 34854 34961 35045 35121 35192 35269 35332 35385 35444 35506 35559 35597 35635 35673 35718 35755 35789 35835 35873 35904 35947 35976 35998 36031 36053 36079 36103 36123 36150 36169 36194 36210 36224 36242 36254 36269 36295 36315 36328 36339 36353 36367 36375 36386 36396 36409 36414 36421 36436 36450 36461 36473 36478 36488 36497 36503 36511 36519 36523 36531 36537 36543 36552 36560 36563 36569 36574 36581 36593 36596 36603 36606 36611 36616 36620 36623 36628 36637 36641 36646 36651 36658 36664 36666 36668 36669 36670 36673 36675 36677 36679 36681 36683 36684 36687 36691 36692
iter 2: 9362 16994 21550 24947 27251 28794 30045 30965 31694 32228 32672 33021 33346 33587 33784 34001 34187 34361 34482 34645 34760 34854 34961 35045 35121 35192 35269 35332 35385 35444 35506 35559 35597 35635 35673 35718 35755 35789 35835 35873 35904 35947 35976 35998 36031 36053 36079 36103 36123 36150 36169 36194 36210 36224 36242 36254 36269 36295 36315 36328 36339 36353 36367 36375 36386 36396 36409 36414 36421 36436 36450 36461 36473 36478 36488 36497 36503 36511 36519 36523 36531 36537 36543 36552 36560 36563 36569 36574 36581 36593 36596 36603 36606 36611 36616 36620 36623 36628 36637 36641 36646 36651 36658 36664 36666 36668 36669 36670 36673 36675 36677 36679 36681 36683 36684 36687 36691 36692
iter 3: 9362 16994 21550 24947 27251 28794 30045 30965 31694 32228 32672 33021 33346 33587 33784 34001 34187 34361 34482 34645 34760 34854 34961 35045 35121 35192 35269 35332 35385 35444 35506 35559 35597 35635 35673 35718 35755 35789 35835 35873 35904 35947 35976 35998 36031 36053 36079 36103 36123 36150 36169 36194 36210 36224 36242 36254 36269 36295 36315 36328 36339 36353 36367 36375 36386 36396 36409 36414 36421 36436 36450 36461 36473 36478 36488 36497 36503 36511 36519 36523 36531 36537 36543 36552 36560 36563 36569 36574 36581 36593 36596 36603 36606 36611 36616 36620 36623 36628 36637 36641 36646 36651 36658 36664 36666 36668 36669 36670 36673 36675 36677 36679 36681 36683 36684 36687 36691 36692
iter 4: 9362 16994 21550 24947 27251 28794 30045 30965 31694 32228 32672 33021 33346 33587 33784 34001 34187 34361 34482 34645 34760 34854 34961 35045 35121 35192 35269 35332 35385 35444 35506 35559 35597 35635 35673 35718 35755 35789 35835 35873 35904 35947 35976 35998 36031 36053 36079 36103 36123 36150 36169 36194 36210 36224 36242 36254 36269 36295 36315 36328 36339 36353 36367 36375 36386 36396 36409 36414 36421 36436 36450 36461 36473 36478 36488 36497 36503 36511 36519 36523 36531 36537 36543 36552 36560 36563 36569 36574 36581 36593 36596 36603 36606 36611 36616 36620 36623 36628 36637 36641 36646 36651 36658 36664 36666 36668 36669 36670 36673 36675 36677 36679 36681 36683 36684 36687 36691 36692
iter 5: 9362 16994 21550 24947 27251 28794 30045 30965 31694 32228 32672 33021 33346 33587 33784 34001 34187 34361 34482 34645 34760 34854 34961 35045 35121 35192 35269 35332 35385 35444 35506 35559 35597 35635 35673 35718 35755 35789 35835 35873 35904 35947 35976 35998 36031 36053 36079 36103 36123 36150 36169 36194 36210 36224 36242 36254 36269 36295 36315 36328 36339 36353 36367 36375 36386 36396 36409 36414 36421 36436 36450 36461 36473 36478 36488 36497 36503 36511 36519 36523 36531 36537 36543 36552 36560 36563 36569 36574 36581 36593 36596 36603 36606 36611 36616 36620 36623 36628 36637 36641 36646 36651 36658 36664 36666 36668 36669 36670 36673 36675 36677 36679 36681 36683 36684 36687 36691 36692
iter 6: 9362 16994 21550 24947 27251 28794 30045 30965 31694 32228 32672 33021 33346 33587 33784 34001 34187 34361 34482 34645 34760 34854 34961 35045 35121 35192 35269 35332 35385 35444 35506 35559 35597 35635 35673 35718 35755 35789 35835 35873 35904 35947 35976 35998 36031 36053 36079 36103 36123 36150 36169 36194 36210 36224 36242 36254 36269 36295 36315 36328 36339 36353 36367 36375 36386 36396 36409 36414 36421 36436 36450 36461 36473 36478 36488 36497 36503 36511 36519 36523 36531 36537 36543 36552 36560 36563 36569 36574 36581 36593 36596 36603 36606 36611 36616 36620 36623 36628 36637 36641 36646 36651 36658 36664 36666 36668 36669 36670 36673 36675 36677 36679 36681 36683 36684 36687 36691 36692
iter 7: 9362 16994 21550 24947 27251 28794 30045 30965 31694 32228 32672 33021 33346 33587 33784 34001 34187 34361 34482 34645 34760 34854 34961 35045 35121 35192 35269 35332 35385 35444 35506 35559 35597 35635 35673 35718 35755 35789 35835 35873 35904 35947 35976 35998 36031 36053 36079 36103 36123 36150 36169 36194 36210 36224 36242 36254 36269 36295 36315 36328 36339 36353 36367 36375 36386 36396 36409 36414 36421 36436 36450 36461 36473 36478 36488 36497 36503 36511 36519 36523 36531 36537 36543 36552 36560 36563 36569 36574 36581 36593 36596 36603 36606 36611 36616 36620 36623 36628 36637 36641 36646 36651 36658 36664 36666 36668 36669 36670 36673 36675 36677 36679 36681 36683 36684 36687 36691 36692
iter 8: 9362 16994 21550 24947 27251 28794 30045 30965 31694 32228 32672 33021 33346 33587 33784 34001 34187 34361 34482 34645 34760 34854 34961 35045 35121 35192 35269 35332 35385 35444 35506 35559 35597 35635 35673 35718 35755 35789 35835 35873 35904 35947 35976 35998 36031 36053 36079 36103 36123 36150 36169 36194 36210 36224 36242 36254 36269 36295 36315 36328 36339 36353 36367 36375 36386 36396 36409 36414 36421 36436 36450 36461 36473 36478 36488 36497 36503 36511 36519 36523 36531 36537 36543 36552 36560 36563 36569 36574 36581 36593 36596 36603 36606 36611 36616 36620 36623 36628 36637 36641 36646 36651 36658 36664 36666 36668 36669 36670 36673 36675 36677 36679 36681 36683 36684 36687 36691 36692
iter 9: 9362 16994 21550 24947 27251 28794 30045 30965 31694 32228 32672 33021 33346 33587 33784 34001 34187 34361 34482 34645 34760 34854 34961 35045 35121 35192 35269 35332 35385 35444 35506 35559 35597 35635 35673 35718 35755 35789 35835 35873 35904 35947 35976 35998 36031 36053 36079 36103 36123 36150 36169 36194 36210 36224 36242 36254 36269 36295 36315 36328 36339 36353 36367 36375 36386 36396 36409 36414 36421 36436 36450 36461 36473 36478 36488 36497 36503 36511 36519 36523 36531 36537 36543 36552 36560 36563 36569 36574 36581 36593 36596 36603 36606 36611 36616 36620 36623 36628 36637 36641 36646 36651 36658 36664 36666 36668 36669 36670 36673 36675 36677 36679 36681 36683 36684 36687 36691 36692
iter 10: 9362 16994 21550 24947 27251 28794 30045 30965 31694 32228 32672 33021 33346 33587 33784 34001 34187 34361 34482 34645 34760 34854 34961 35045 35121 35192 35269 35332 35385 35444 35506 35559 35597 35635 35673 35718 35755 35789 35835 35873 35904 35947 35976 35998 36031 36053 36079 36103 36123 36150 36169 36194 36210 36224 36242 36254 36269 36295 36315 36328 36339 36353 36367 36375 36386 36396 36409 36414 36421 36436 36450 36461 36473 36478 36488 36497 36503 36511 36519 36523 36531 36537 36543 36552 36560 36563 36569 36574 36581 36593 36596 36603 36606 36611 36616 36620 36623 36628 36637 36641 36646 36651 36658 36664 36666 36668 36669 36670 36673 36675 36677 36679 36681 36683 36684 36687 36691 36692
iter 11: 9362 16994 21550 24947 27251 28794 30045 30965 31694 32228 32672 33021 33346 33587 33784 34001 34187 34361 34482 34645 34760 34854 34961 35045 35121 35192 35269 35332 35385 35444 35506 35559 35597 35635 35673 35718 35755 35789 35835 35873 35904 35947 35976 35998 36031 36053 36079 36103 36123 36150 36169 36194 36210 36224 36242 36254 36269 36295 36315 36328 36339 36353 36367 36375 36386 36396 36409 36414 36421 36436 36450 36461 36473 36478 36488 36497 36503 36511 36519 36523 36531 36537 36543 36552 36560 36563 36569 36574 36581 36593 36596 36603 36606 36611 36616 36620 36623 36628 36637 36641 36646 36651 36658 36664 36666 36668 36669 36670 36673 36675 36677 36679 36681 36683 36684 36687 36691 36692
iter 12: 9362 16994 21550 24947 27251 28794 30045 30965 31694 32228 32672 33021 33346 33587 33784 34001 34187 34361 34482 34645 34760 34854 34961 35045 35121 35192 35269 35332 35385 35444 35506 35559 35597 35635 35673 35718 35755 35789 35835 35873 35904 35947 35976 35998 36031 36053 36079 36103 36123 36150 36169 36194 36210 36224 36242 36254 36269 36295 36315 36328 36339 36353 36367 36375 36386 36396 36409 36414 36421 36436 36450 36461 36473 36478 36488 36497 36503 36511 36519 36523 36531 36537 36543 36552 36560 36563 36569 36574 36581 36593 36596 36603 36606 36611 36616 36620 36623 36628 36637 36641 36646 36651 36658 36664 36666 36668 36669 36670 36673 36675 36677 36679 36681 36683 36684 36687 36691 36692
iter 13: 9362 16994 21550 24947 27251 28794 30045 30965 31694 32228 32672 33021 33346 33587 33784 34001 34187 34361 34482 34645 34760 34854 34961 35045 35121 35192 35269 35332 35385 35444 35506 35559 35597 35635 35673 35718 35755 35789 35835 35873 35904 35947 35976 35998 36031 36053 36079 36103 36123 36150 36169 36194 36210 36224 36242 36254 36269 36295 36315 36328 36339 36353 36367 36375 36386 36396 36409 36414 36421 36436 36450 36461 36473 36478 36488 36497 36503 36511 36519 36523 36531 36537 36543 36552 36560 36563 36569 36574 36581 36593 36596 36603 36606 36611 36616 36620 36623 36628 36637 36641 36646 36651 36658 36664 36666 36668 36669 36670 36673 36675 36677 36679 36681 36683 36684 36687 36691 36692
iter 14: 9362 16994 21550 24947 27251 28794 30045 30965 31694 32228 32672 33021 33346 33587 33784 34001 34187 34361 34482 34645 34760 34854 34961 35045 35121 35192 35269 35332 35385 35444 35506 35559 35597 35635 35673 35718 35755 35789 35835 35873 35904 35947 35976 35998 36031 36053 36079 36103 36123 36150 36169 36194 36210 36224 36242 36254 36269 36295 36315 36328 36339 36353 36367 36375 36386 36396 36409 36414 36421 36436 36450 36461 36473 36478 36488 36497 36503 36511 36519 36523 36531 36537 36543 36552 36560 36563 36569 36574 36581 36593 36596 36603 36606 36611 36616 36620 36623 36628 36637 36641 36646 36651 36658 36664 36666 36668 36669 36670 36673 36675 36677 36679 36681 36683 36684 36687 36691 36692
iter 15: 9362 16994 21550 24947 27251 28794 30045 30965 31694 32228 32672 33021 33346 33587 33784 34001 34187 34361 34482 34645 34760 34854 34961 35045 35121 35192 35269 35332 35385 35444 35506 35559 35597 35635 35673 35718 35755 35789 35835 35873 35904 35947 35976 35998 36031 36053 36079 36103 36123 36150 36169 36194 36210 36224 36242 36254 36269 36295 36315 36328 36339 36353 36367 36375 36386 36396 36409 36414 36421 36436 36450 36461 36473 36478 36488 36497 36503 36511 36519 36523 36531 36537 36543 36552 36560 36563 36569 36574 36581 36593 36596 36603 36606 36611 36616 36620 36623 36628 36637 36641 36646 36651 36658 36664 36666 36668 36669 36670 36673 36675 36677 36679 36681 36683 36684 36687 36691 36692
iter 16: 9820 17738 22313 25390 27398 28786 29995 30890 31614 32173 32625 32982 33321 33597 33854 34068 34231 34380 34518 34656 34781 34880 34985 35084 35164 35244 35313 35370 35417 35470 35518 35571 35617 35662 35709 35740 35783 35826 35855 35889 35920 35954 35995 36022 36054 36084 36102 36123 36146 36171 36189 36206 36224 36244 36260 36276 36297 36308 36319 36334 36349 36365 36376 36383 36391 36402 36412 36419 36427 36435 36440 36455 36467 36478 36487 36496 36508 36517 36526 36534 36539 36548 36557 36562 36569 36575 36579 36584 36590 36593 36599 36605 36608 36613 36617 36623 36626 36629 36634 36638 36642 36644 36647 36649 36653 36656 36659 36661 36663 36665 36670 36674 36676 36678 36682 36684 36687 36689 36690 36691 36692
iter 17: 9820 17738 22313 25390 27398 28786 29995 30890 31614 32173 32625 32982 33321 33597 33854 34068 34231 34380 34518 34656 34781 34880 34985 35084 35164 35244 35313 35370 35417 35470 35518 35571 35617 35662 35709 35740 35783 35826 35855 35889 35920 35954 35995 36022 36054 36084 36102 36123 36146 36171 36189 36206 36224 36244 36260 36276 36297 36308 36319 36334 36349 36365 36376 36383 36391 36402 36412 36419 36427 36435 36440 36455 36467 36478 36487 36496 36508 36517 36526 36534 36539 36548 36557 36562 36569 36575 36579 36584 36590 36593 36599 36605 36608 36613 36617 36623 36626 36629 36634 36638 36642 36644 36647 36649 36653 36656 36659 36661 36663 36665 36670 36674 36676 36678 36682 36684 36687 36689 36690 36691 36692
iter 18: 9820 17738 22313 25390 27398 28786 29995 30890 31614 32173 32625 32982 33321 33597 33854 34068 34231 34380 34518 34656 34781 34880 34985 35084 35164 35244 35313 35370 35417 35470 35518 35571 35617 35662 35709 35740 35783 35826 35855 35889 35920 35954 35995 36022 36054 36084 36102 36123 36146 36171 36189 36206 36224 36244 36260 36276 36297 36308 36319 36334 36349 36365 36376 36383 36391 36402 36412 36419 36427 36435 36440 36455 36467 36478 36487 36496 36508 36517 36526 36534 36539 36548 36557 36562 36569 36575 36579 36584 36590 36593 36599 36605 36608 36613 36617 36623 36626 36629 36634 36638 36642 36644 36647 36649 36653 36656 36659 36661 36663 36665 36670 36674 36676 36678 36682 36684 36687 36689 36690 36691 36692
iter 19: 9820 17738 22313 25390 27398 28786 29995 30890 31614 32173 32625 32982 33321 33597 33854 34068 34231 34380 34518 34656 34781 34880 34985 35084 35164 35244 35313 35370 35417 35470 35518 35571 35617 35662 35709 35740 35783 35826 35855 35889 35920 35954 35995 36022 36054 36084 36102 36123 36146 36171 36189 36206 36224 36244 36260 36276 36297 36308 36319 36334 36349 36365 36376 36383 36391 36402 36412 36419 36427 36435 36440 36455 36467 36478 36487 36496 36508 36517 36526 36534 36539 36548 36557 36562 36569 36575 36579 36584 36590 36593 36599 36605 36608 36613 36617 36623 36626 36629 36634 36638 36642 36644 36647 36649 36653 36656 36659 36661 36663 36665 36670 36674 36676 36678 36682 36684 36687 36689 36690 36691 36692

Test time [ms]:11.674
Program duration [ms]: 788.531