Graph Coloring - v1.0.0
Graph Representation: Compressed Sparse Row
Coloring Algorithm: Parallel Jones-Plassmann (CUDA) 

Loading graph from /home/cardone/Desktop/graphs/gra/rgg_n_2_16_s0.gra
Graph succesfully loaded from file.
V: 65536, E: 684254, maxD: 27, minD: 0, avgD: 10.4409
Init time [ms]: 26.922
========================================================
1	num-cols: 24 	========================================================
2	num-cols: 24 	========================================================
3	num-cols: 24 	========================================================
4	num-cols: 24 	========================================================
5	num-cols: 24 	========================================================
6	num-cols: 24 	========================================================
7	num-cols: 24 	========================================================
8	num-cols: 24 	========================================================
9	num-cols: 24 	========================================================
10	num-cols: 21 	========================================================
11	num-cols: 21 	========================================================
12	num-cols: 21 	========================================================
13	num-cols: 21 	========================================================
14	num-cols: 21 	========================================================
15	num-cols: 21 	========================================================
16	num-cols: 21 	========================================================
17	num-cols: 21 	========================================================
18	num-cols: 21 	========================================================
19	num-cols: 21 	========================================================
20	num-cols: 21 	========================================================
Timings [ms]
Avg random vector initialization time: 0.34405
Avg allocation time: 0.2513
Avg upload time: 0.3103
Avg process time: 0.8077
Avg download time: 0.0466
Avg total time: 1.4159
Inner total time (start to end function): 86.435
Reset total time: 6.881
Process total time: 28.318
Avg number colors: 22
Colors per iteration:
iter 0: 6315 12650 18805 24944 30954 36725 42325 47507 52090 56049 59258 61626 63271 64341 64949 65263 65417 65485 65511 65525 65532 65534 65535 65536
iter 1: 6315 12650 18805 24944 30954 36725 42325 47507 52090 56049 59258 61626 63271 64341 64949 65263 65417 65485 65511 65525 65532 65534 65535 65536
iter 2: 6315 12650 18805 24944 30954 36725 42325 47507 52090 56049 59258 61626 63271 64341 64949 65263 65417 65485 65511 65525 65532 65534 65535 65536
iter 3: 6315 12650 18805 24944 30954 36725 42325 47507 52090 56049 59258 61626 63271 64341 64949 65263 65417 65485 65511 65525 65532 65534 65535 65536
iter 4: 6315 12650 18805 24944 30954 36725 42325 47507 52090 56049 59258 61626 63271 64341 64949 65263 65417 65485 65511 65525 65532 65534 65535 65536
iter 5: 6315 12650 18805 24944 30954 36725 42325 47507 52090 56049 59258 61626 63271 64341 64949 65263 65417 65485 65511 65525 65532 65534 65535 65536
iter 6: 6315 12650 18805 24944 30954 36725 42325 47507 52090 56049 59258 61626 63271 64341 64949 65263 65417 65485 65511 65525 65532 65534 65535 65536
iter 7: 6315 12650 18805 24944 30954 36725 42325 47507 52090 56049 59258 61626 63271 64341 64949 65263 65417 65485 65511 65525 65532 65534 65535 65536
iter 8: 6315 12650 18805 24944 30954 36725 42325 47507 52090 56049 59258 61626 63271 64341 64949 65263 65417 65485 65511 65525 65532 65534 65535 65536
iter 9: 6344 12602 18762 24902 30974 36767 42317 47452 52049 56023 59241 61641 63282 64314 64903 65223 65387 65477 65513 65532 65536
iter 10: 6344 12602 18762 24902 30974 36767 42317 47452 52049 56023 59241 61641 63282 64314 64903 65223 65387 65477 65513 65532 65536
iter 11: 6344 12602 18762 24902 30974 36767 42317 47452 52049 56023 59241 61641 63282 64314 64903 65223 65387 65477 65513 65532 65536
iter 12: 6344 12602 18762 24902 30974 36767 42317 47452 52049 56023 59241 61641 63282 64314 64903 65223 65387 65477 65513 65532 65536
iter 13: 6344 12602 18762 24902 30974 36767 42317 47452 52049 56023 59241 61641 63282 64314 64903 65223 65387 65477 65513 65532 65536
iter 14: 6344 12602 18762 24902 30974 36767 42317 47452 52049 56023 59241 61641 63282 64314 64903 65223 65387 65477 65513 65532 65536
iter 15: 6344 12602 18762 24902 30974 36767 42317 47452 52049 56023 59241 61641 63282 64314 64903 65223 65387 65477 65513 65532 65536
iter 16: 6344 12602 18762 24902 30974 36767 42317 47452 52049 56023 59241 61641 63282 64314 64903 65223 65387 65477 65513 65532 65536
iter 17: 6344 12602 18762 24902 30974 36767 42317 47452 52049 56023 59241 61641 63282 64314 64903 65223 65387 65477 65513 65532 65536
iter 18: 6344 12602 18762 24902 30974 36767 42317 47452 52049 56023 59241 61641 63282 64314 64903 65223 65387 65477 65513 65532 65536
iter 19: 6344 12602 18762 24902 30974 36767 42317 47452 52049 56023 59241 61641 63282 64314 64903 65223 65387 65477 65513 65532 65536

Test time [ms]:24.47
Program duration [ms]: 161.583