Graph Coloring - v1.0.0
Graph Representation: Compressed Sparse Row
Coloring Algorithm: Parallel Jones-Plassmann (CUDA) 

Loading graph from /home/cardone/Desktop/graphs/gra/offshore.gra
Graph succesfully loaded from file.
V: 259789, E: 3982884, maxD: 30, minD: 4, avgD: 15.3312
Init time [ms]: 147.166
========================================================
1	num-cols: 24 	========================================================
2	num-cols: 24 	========================================================
3	num-cols: 24 	========================================================
4	num-cols: 24 	========================================================
5	num-cols: 24 	========================================================
6	num-cols: 24 	========================================================
7	num-cols: 24 	========================================================
8	num-cols: 24 	========================================================
9	num-cols: 24 	========================================================
10	num-cols: 24 	========================================================
11	num-cols: 24 	========================================================
12	num-cols: 24 	========================================================
13	num-cols: 24 	========================================================
14	num-cols: 24 	========================================================
15	num-cols: 24 	========================================================
16	num-cols: 24 	========================================================
17	num-cols: 24 	========================================================
18	num-cols: 24 	========================================================
19	num-cols: 24 	========================================================
20	num-cols: 24 	========================================================
Timings [ms]
Avg random vector initialization time: 1.34955
Avg allocation time: 0.2579
Avg upload time: 1.5997
Avg process time: 2.13955
Avg download time: 0.1687
Avg total time: 4.16585
Inner total time (start to end function): 157.155
Reset total time: 26.991
Process total time: 83.317
Avg number colors: 24
Colors per iteration:
iter 0: 16302 32569 48898 65273 81668 97947 114213 130464 146501 162424 178182 193554 208408 222284 234687 244915 252244 256667 258743 259515 259736 259779 259787 259789
iter 1: 16302 32569 48898 65273 81668 97947 114213 130464 146501 162424 178182 193554 208408 222284 234687 244915 252244 256667 258743 259515 259736 259779 259787 259789
iter 2: 16302 32569 48898 65273 81668 97947 114213 130464 146501 162424 178182 193554 208408 222284 234687 244915 252244 256667 258743 259515 259736 259779 259787 259789
iter 3: 16302 32569 48898 65273 81668 97947 114213 130464 146501 162424 178182 193554 208408 222284 234687 244915 252244 256667 258743 259515 259736 259779 259787 259789
iter 4: 16302 32569 48898 65273 81668 97947 114213 130464 146501 162424 178182 193554 208408 222284 234687 244915 252244 256667 258743 259515 259736 259779 259787 259789
iter 5: 16302 32569 48898 65273 81668 97947 114213 130464 146501 162424 178182 193554 208408 222284 234687 244915 252244 256667 258743 259515 259736 259779 259787 259789
iter 6: 16302 32569 48898 65273 81668 97947 114213 130464 146501 162424 178182 193554 208408 222284 234687 244915 252244 256667 258743 259515 259736 259779 259787 259789
iter 7: 16302 32569 48898 65273 81668 97947 114213 130464 146501 162424 178182 193554 208408 222284 234687 244915 252244 256667 258743 259515 259736 259779 259787 259789
iter 8: 16302 32569 48898 65273 81668 97947 114213 130464 146501 162424 178182 193554 208408 222284 234687 244915 252244 256667 258743 259515 259736 259779 259787 259789
iter 9: 16302 32569 48898 65273 81668 97947 114213 130464 146501 162424 178182 193554 208408 222284 234687 244915 252244 256667 258743 259515 259736 259779 259787 259789
iter 10: 16302 32569 48898 65273 81668 97947 114213 130464 146501 162424 178182 193554 208408 222284 234687 244915 252244 256667 258743 259515 259736 259779 259787 259789
iter 11: 16302 32569 48898 65273 81668 97947 114213 130464 146501 162424 178182 193554 208408 222284 234687 244915 252244 256667 258743 259515 259736 259779 259787 259789
iter 12: 16302 32569 48898 65273 81668 97947 114213 130464 146501 162424 178182 193554 208408 222284 234687 244915 252244 256667 258743 259515 259736 259779 259787 259789
iter 13: 16302 32569 48898 65273 81668 97947 114213 130464 146501 162424 178182 193554 208408 222284 234687 244915 252244 256667 258743 259515 259736 259779 259787 259789
iter 14: 16302 32569 48898 65273 81668 97947 114213 130464 146501 162424 178182 193554 208408 222284 234687 244915 252244 256667 258743 259515 259736 259779 259787 259789
iter 15: 16302 32569 48898 65273 81668 97947 114213 130464 146501 162424 178182 193554 208408 222284 234687 244915 252244 256667 258743 259515 259736 259779 259787 259789
iter 16: 16302 32569 48898 65273 81668 97947 114213 130464 146501 162424 178182 193554 208408 222284 234687 244915 252244 256667 258743 259515 259736 259779 259787 259789
iter 17: 16302 32569 48898 65273 81668 97947 114213 130464 146501 162424 178182 193554 208408 222284 234687 244915 252244 256667 258743 259515 259736 259779 259787 259789
iter 18: 16302 32569 48898 65273 81668 97947 114213 130464 146501 162424 178182 193554 208408 222284 234687 244915 252244 256667 258743 259515 259736 259779 259787 259789
iter 19: 16302 32569 48898 65273 81668 97947 114213 130464 146501 162424 178182 193554 208408 222284 234687 244915 252244 256667 258743 259515 259736 259779 259787 259789

Test time [ms]:105.12
Program duration [ms]: 502.737