Graph Coloring - v1.0.0
Graph Representation: Compressed Sparse Row
Coloring Algorithm: Parallel Jones-Plassmann (CUDA) 

Loading graph from /home/cardone/Desktop/graphs/gra/rgg_n_2_19_s0.gra
Graph succesfully loaded from file.
V: 524288, E: 6539532, maxD: 30, minD: 0, avgD: 12.4732
Init time [ms]: 249.958
========================================================
1	num-cols: 26 	========================================================
2	num-cols: 26 	========================================================
3	num-cols: 26 	========================================================
4	num-cols: 26 	========================================================
5	num-cols: 26 	========================================================
6	num-cols: 26 	========================================================
7	num-cols: 26 	========================================================
8	num-cols: 26 	========================================================
9	num-cols: 26 	========================================================
10	num-cols: 26 	========================================================
11	num-cols: 26 	========================================================
12	num-cols: 26 	========================================================
13	num-cols: 26 	========================================================
14	num-cols: 26 	========================================================
15	num-cols: 26 	========================================================
16	num-cols: 26 	========================================================
17	num-cols: 26 	========================================================
18	num-cols: 26 	========================================================
19	num-cols: 26 	========================================================
20	num-cols: 26 	========================================================
Timings [ms]
Avg random vector initialization time: 2.85225
Avg allocation time: 0.2587
Avg upload time: 2.7276
Avg process time: 4.37245
Avg download time: 0.25035
Avg total time: 7.6091
Inner total time (start to end function): 232.114
Reset total time: 57.045
Process total time: 152.182
Avg number colors: 26
Colors per iteration:
iter 0: 42079 84075 125753 167284 208406 249158 288811 327291 364043 398221 429116 455778 477371 493994 505998 513921 518858 521654 523118 523797 524091 524217 524269 524282 524287 524288
iter 1: 42079 84075 125753 167284 208406 249158 288811 327291 364043 398221 429116 455778 477371 493994 505998 513921 518858 521654 523118 523797 524091 524217 524269 524282 524287 524288
iter 2: 42079 84075 125753 167284 208406 249158 288811 327291 364043 398221 429116 455778 477371 493994 505998 513921 518858 521654 523118 523797 524091 524217 524269 524282 524287 524288
iter 3: 42079 84075 125753 167284 208406 249158 288811 327291 364043 398221 429116 455778 477371 493994 505998 513921 518858 521654 523118 523797 524091 524217 524269 524282 524287 524288
iter 4: 42079 84075 125753 167284 208406 249158 288811 327291 364043 398221 429116 455778 477371 493994 505998 513921 518858 521654 523118 523797 524091 524217 524269 524282 524287 524288
iter 5: 42079 84075 125753 167284 208406 249158 288811 327291 364043 398221 429116 455778 477371 493994 505998 513921 518858 521654 523118 523797 524091 524217 524269 524282 524287 524288
iter 6: 42079 84075 125753 167284 208406 249158 288811 327291 364043 398221 429116 455778 477371 493994 505998 513921 518858 521654 523118 523797 524091 524217 524269 524282 524287 524288
iter 7: 42079 84075 125753 167284 208406 249158 288811 327291 364043 398221 429116 455778 477371 493994 505998 513921 518858 521654 523118 523797 524091 524217 524269 524282 524287 524288
iter 8: 42079 84075 125753 167284 208406 249158 288811 327291 364043 398221 429116 455778 477371 493994 505998 513921 518858 521654 523118 523797 524091 524217 524269 524282 524287 524288
iter 9: 42079 84075 125753 167284 208406 249158 288811 327291 364043 398221 429116 455778 477371 493994 505998 513921 518858 521654 523118 523797 524091 524217 524269 524282 524287 524288
iter 10: 42079 84075 125753 167284 208406 249158 288811 327291 364043 398221 429116 455778 477371 493994 505998 513921 518858 521654 523118 523797 524091 524217 524269 524282 524287 524288
iter 11: 42079 84075 125753 167284 208406 249158 288811 327291 364043 398221 429116 455778 477371 493994 505998 513921 518858 521654 523118 523797 524091 524217 524269 524282 524287 524288
iter 12: 42079 84075 125753 167284 208406 249158 288811 327291 364043 398221 429116 455778 477371 493994 505998 513921 518858 521654 523118 523797 524091 524217 524269 524282 524287 524288
iter 13: 42079 84075 125753 167284 208406 249158 288811 327291 364043 398221 429116 455778 477371 493994 505998 513921 518858 521654 523118 523797 524091 524217 524269 524282 524287 524288
iter 14: 42079 84075 125753 167284 208406 249158 288811 327291 364043 398221 429116 455778 477371 493994 505998 513921 518858 521654 523118 523797 524091 524217 524269 524282 524287 524288
iter 15: 42079 84075 125753 167284 208406 249158 288811 327291 364043 398221 429116 455778 477371 493994 505998 513921 518858 521654 523118 523797 524091 524217 524269 524282 524287 524288
iter 16: 42079 84075 125753 167284 208406 249158 288811 327291 364043 398221 429116 455778 477371 493994 505998 513921 518858 521654 523118 523797 524091 524217 524269 524282 524287 524288
iter 17: 42079 84075 125753 167284 208406 249158 288811 327291 364043 398221 429116 455778 477371 493994 505998 513921 518858 521654 523118 523797 524091 524217 524269 524282 524287 524288
iter 18: 42079 84075 125753 167284 208406 249158 288811 327291 364043 398221 429116 455778 477371 493994 505998 513921 518858 521654 523118 523797 524091 524217 524269 524282 524287 524288
iter 19: 42079 84075 125753 167284 208406 249158 288811 327291 364043 398221 429116 455778 477371 493994 505998 513921 518858 521654 523118 523797 524091 524217 524269 524282 524287 524288

Test time [ms]:209.57
Program duration [ms]: 887.014