Graph Coloring - v1.0.0
Graph Representation: Compressed Sparse Row
Coloring Algorithm: Parallel Jones-Plassmann (CUDA) 

Loading graph from /home/cardone/Desktop/graphs/gra/thermomech_dK.gra
Graph succesfully loaded from file.
V: 204316, E: 2641912, maxD: 19, minD: 6, avgD: 12.9305
Init time [ms]: 102.012
========================================================
1	num-cols: 21 	========================================================
2	num-cols: 21 	========================================================
3	num-cols: 21 	========================================================
4	num-cols: 21 	========================================================
5	num-cols: 21 	========================================================
6	num-cols: 21 	========================================================
7	num-cols: 21 	========================================================
8	num-cols: 21 	========================================================
9	num-cols: 21 	========================================================
10	num-cols: 21 	========================================================
11	num-cols: 21 	========================================================
12	num-cols: 21 	========================================================
13	num-cols: 21 	========================================================
14	num-cols: 21 	========================================================
15	num-cols: 21 	========================================================
16	num-cols: 21 	========================================================
17	num-cols: 21 	========================================================
18	num-cols: 21 	========================================================
19	num-cols: 21 	========================================================
20	num-cols: 21 	========================================================
Timings [ms]
Avg random vector initialization time: 1.04725
Avg allocation time: 0.25375
Avg upload time: 1.08515
Avg process time: 1.45585
Avg download time: 0.13335
Avg total time: 2.9281
Inner total time (start to end function): 133.616
Reset total time: 20.945
Process total time: 58.562
Avg number colors: 21
Colors per iteration:
iter 0: 14786 29563 44437 59397 74267 89343 104328 119462 134477 149387 163791 176968 187963 195989 200835 203121 203969 204242 204300 204314 204316
iter 1: 14786 29563 44437 59397 74267 89343 104328 119462 134477 149387 163791 176968 187963 195989 200835 203121 203969 204242 204300 204314 204316
iter 2: 14786 29563 44437 59397 74267 89343 104328 119462 134477 149387 163791 176968 187963 195989 200835 203121 203969 204242 204300 204314 204316
iter 3: 14786 29563 44437 59397 74267 89343 104328 119462 134477 149387 163791 176968 187963 195989 200835 203121 203969 204242 204300 204314 204316
iter 4: 14786 29563 44437 59397 74267 89343 104328 119462 134477 149387 163791 176968 187963 195989 200835 203121 203969 204242 204300 204314 204316
iter 5: 14786 29563 44437 59397 74267 89343 104328 119462 134477 149387 163791 176968 187963 195989 200835 203121 203969 204242 204300 204314 204316
iter 6: 14786 29563 44437 59397 74267 89343 104328 119462 134477 149387 163791 176968 187963 195989 200835 203121 203969 204242 204300 204314 204316
iter 7: 14786 29563 44437 59397 74267 89343 104328 119462 134477 149387 163791 176968 187963 195989 200835 203121 203969 204242 204300 204314 204316
iter 8: 14786 29563 44437 59397 74267 89343 104328 119462 134477 149387 163791 176968 187963 195989 200835 203121 203969 204242 204300 204314 204316
iter 9: 14786 29563 44437 59397 74267 89343 104328 119462 134477 149387 163791 176968 187963 195989 200835 203121 203969 204242 204300 204314 204316
iter 10: 14786 29563 44437 59397 74267 89343 104328 119462 134477 149387 163791 176968 187963 195989 200835 203121 203969 204242 204300 204314 204316
iter 11: 14786 29563 44437 59397 74267 89343 104328 119462 134477 149387 163791 176968 187963 195989 200835 203121 203969 204242 204300 204314 204316
iter 12: 14786 29563 44437 59397 74267 89343 104328 119462 134477 149387 163791 176968 187963 195989 200835 203121 203969 204242 204300 204314 204316
iter 13: 14786 29563 44437 59397 74267 89343 104328 119462 134477 149387 163791 176968 187963 195989 200835 203121 203969 204242 204300 204314 204316
iter 14: 14786 29563 44437 59397 74267 89343 104328 119462 134477 149387 163791 176968 187963 195989 200835 203121 203969 204242 204300 204314 204316
iter 15: 14869 29683 44387 59277 74076 89012 103979 119074 134148 149089 163440 176717 187751 195861 200760 203082 203967 204232 204299 204314 204316
iter 16: 14869 29683 44387 59277 74076 89012 103979 119074 134148 149089 163440 176717 187751 195861 200760 203082 203967 204232 204299 204314 204316
iter 17: 14869 29683 44387 59277 74076 89012 103979 119074 134148 149089 163440 176717 187751 195861 200760 203082 203967 204232 204299 204314 204316
iter 18: 14869 29683 44387 59277 74076 89012 103979 119074 134148 149089 163440 176717 187751 195861 200760 203082 203967 204232 204299 204314 204316
iter 19: 14869 29683 44387 59277 74076 89012 103979 119074 134148 149089 163440 176717 187751 195861 200760 203082 203967 204232 204299 204314 204316

Test time [ms]:66.627
Program duration [ms]: 372.359