Graph Coloring - v1.0.0
Graph Representation: Compressed Sparse Row
Coloring Algorithm: Parallel Jones-Plassmann (CUDA) Min-Max Independent Sets

Loading graph from /home/cardone/Desktop/graphs/gra/cage13.gra
Graph succesfully loaded from file.
V: 445315, E: 7034028, maxD: 38, minD: 2, avgD: 15.7956
Init time [ms]: 248.201
========================================================
1	num-cols: 37 	========================================================
2	num-cols: 37 	========================================================
3	num-cols: 37 	========================================================
4	num-cols: 37 	========================================================
5	num-cols: 37 	========================================================
6	num-cols: 37 	========================================================
7	num-cols: 37 	========================================================
8	num-cols: 37 	========================================================
9	num-cols: 37 	========================================================
10	num-cols: 37 	========================================================
11	num-cols: 37 	========================================================
12	num-cols: 37 	========================================================
13	num-cols: 37 	========================================================
14	num-cols: 37 	========================================================
15	num-cols: 37 	========================================================
16	num-cols: 37 	========================================================
17	num-cols: 37 	========================================================
18	num-cols: 37 	========================================================
19	num-cols: 37 	========================================================
20	num-cols: 37 	========================================================
Timings [ms]
Avg random vector initialization time: 2.2153
Avg allocation time: 0.24315
Avg upload time: 2.7778
Avg process time: 1.80575
Avg download time: 0.23015
Avg total time: 5.05685
Inner total time (start to end function): 178.347
Reset total time: 44.306
Process total time: 101.137
Avg number colors: 37
Colors per iteration:
iter 0: 58914 118477 177322 233628 285761 331333 368888 397467 417459 430356 437776 441715 443680 444580 444952 445153 445270 445312 445315
iter 1: 58914 118477 177322 233628 285761 331333 368888 397467 417459 430356 437776 441715 443680 444580 444952 445153 445270 445312 445315
iter 2: 58914 118477 177322 233628 285761 331333 368888 397467 417459 430356 437776 441715 443680 444580 444952 445153 445270 445312 445315
iter 3: 58914 118477 177322 233628 285761 331333 368888 397467 417459 430356 437776 441715 443680 444580 444952 445153 445270 445312 445315
iter 4: 58914 118477 177322 233628 285761 331333 368888 397467 417459 430356 437776 441715 443680 444580 444952 445153 445270 445312 445315
iter 5: 58914 118477 177322 233628 285761 331333 368888 397467 417459 430356 437776 441715 443680 444580 444952 445153 445270 445312 445315
iter 6: 58914 118477 177322 233628 285761 331333 368888 397467 417459 430356 437776 441715 443680 444580 444952 445153 445270 445312 445315
iter 7: 58914 118477 177322 233628 285761 331333 368888 397467 417459 430356 437776 441715 443680 444580 444952 445153 445270 445312 445315
iter 8: 58914 118477 177322 233628 285761 331333 368888 397467 417459 430356 437776 441715 443680 444580 444952 445153 445270 445312 445315
iter 9: 58914 118477 177322 233628 285761 331333 368888 397467 417459 430356 437776 441715 443680 444580 444952 445153 445270 445312 445315
iter 10: 58914 118477 177322 233628 285761 331333 368888 397467 417459 430356 437776 441715 443680 444580 444952 445153 445270 445312 445315
iter 11: 58914 118477 177322 233628 285761 331333 368888 397467 417459 430356 437776 441715 443680 444580 444952 445153 445270 445312 445315
iter 12: 58914 118477 177322 233628 285761 331333 368888 397467 417459 430356 437776 441715 443680 444580 444952 445153 445270 445312 445315
iter 13: 58914 118477 177322 233628 285761 331333 368888 397467 417459 430356 437776 441715 443680 444580 444952 445153 445270 445312 445315
iter 14: 58914 118477 177322 233628 285761 331333 368888 397467 417459 430356 437776 441715 443680 444580 444952 445153 445270 445312 445315
iter 15: 58914 118477 177322 233628 285761 331333 368888 397467 417459 430356 437776 441715 443680 444580 444952 445153 445270 445312 445315
iter 16: 58914 118477 177322 233628 285761 331333 368888 397467 417459 430356 437776 441715 443680 444580 444952 445153 445270 445312 445315
iter 17: 58914 118477 177322 233628 285761 331333 368888 397467 417459 430356 437776 441715 443680 444580 444952 445153 445270 445312 445315
iter 18: 58914 118477 177322 233628 285761 331333 368888 397467 417459 430356 437776 441715 443680 444580 444952 445153 445270 445312 445315
iter 19: 58914 118477 177322 233628 285761 331333 368888 397467 417459 430356 437776 441715 443680 444580 444952 445153 445270 445312 445315

Test time [ms]:147.073
Program duration [ms]: 742.01