Graph Coloring - v1.0.0
Graph Representation: Compressed Sparse Row
Coloring Algorithm: Parallel Jones-Plassmann (CUDA) 

Loading graph from /home/cardone/Desktop/graphs/gra/cage13.gra
Graph succesfully loaded from file.
V: 445315, E: 7034028, maxD: 38, minD: 2, avgD: 15.7956
Init time [ms]: 259.13
========================================================
1	num-cols: 37 	========================================================
2	num-cols: 37 	========================================================
3	num-cols: 37 	========================================================
4	num-cols: 37 	========================================================
5	num-cols: 37 	========================================================
6	num-cols: 37 	========================================================
7	num-cols: 37 	========================================================
8	num-cols: 37 	========================================================
9	num-cols: 37 	========================================================
10	num-cols: 37 	========================================================
11	num-cols: 37 	========================================================
12	num-cols: 37 	========================================================
13	num-cols: 37 	========================================================
14	num-cols: 37 	========================================================
15	num-cols: 37 	========================================================
16	num-cols: 37 	========================================================
17	num-cols: 37 	========================================================
18	num-cols: 37 	========================================================
19	num-cols: 37 	========================================================
20	num-cols: 37 	========================================================
Timings [ms]
Avg random vector initialization time: 2.3163
Avg allocation time: 0.26535
Avg upload time: 2.71185
Avg process time: 3.3988
Avg download time: 0.2335
Avg total time: 6.6095
Inner total time (start to end function): 208.534
Reset total time: 46.326
Process total time: 132.19
Avg number colors: 37
Colors per iteration:
iter 0: 29653 59961 90502 120797 150944 180409 209170 236936 263681 288775 312103 333612 352975 370140 385001 397836 408474 417285 424268 429784 434014 437254 439700 441484 442756 443636 444231 444625 444855 445019 445129 445207 445257 445295 445310 445314 445315
iter 1: 29653 59961 90502 120797 150944 180409 209170 236936 263681 288775 312103 333612 352975 370140 385001 397836 408474 417285 424268 429784 434014 437254 439700 441484 442756 443636 444231 444625 444855 445019 445129 445207 445257 445295 445310 445314 445315
iter 2: 29653 59961 90502 120797 150944 180409 209170 236936 263681 288775 312103 333612 352975 370140 385001 397836 408474 417285 424268 429784 434014 437254 439700 441484 442756 443636 444231 444625 444855 445019 445129 445207 445257 445295 445310 445314 445315
iter 3: 29653 59961 90502 120797 150944 180409 209170 236936 263681 288775 312103 333612 352975 370140 385001 397836 408474 417285 424268 429784 434014 437254 439700 441484 442756 443636 444231 444625 444855 445019 445129 445207 445257 445295 445310 445314 445315
iter 4: 29653 59961 90502 120797 150944 180409 209170 236936 263681 288775 312103 333612 352975 370140 385001 397836 408474 417285 424268 429784 434014 437254 439700 441484 442756 443636 444231 444625 444855 445019 445129 445207 445257 445295 445310 445314 445315
iter 5: 29653 59961 90502 120797 150944 180409 209170 236936 263681 288775 312103 333612 352975 370140 385001 397836 408474 417285 424268 429784 434014 437254 439700 441484 442756 443636 444231 444625 444855 445019 445129 445207 445257 445295 445310 445314 445315
iter 6: 29653 59961 90502 120797 150944 180409 209170 236936 263681 288775 312103 333612 352975 370140 385001 397836 408474 417285 424268 429784 434014 437254 439700 441484 442756 443636 444231 444625 444855 445019 445129 445207 445257 445295 445310 445314 445315
iter 7: 29653 59961 90502 120797 150944 180409 209170 236936 263681 288775 312103 333612 352975 370140 385001 397836 408474 417285 424268 429784 434014 437254 439700 441484 442756 443636 444231 444625 444855 445019 445129 445207 445257 445295 445310 445314 445315
iter 8: 29653 59961 90502 120797 150944 180409 209170 236936 263681 288775 312103 333612 352975 370140 385001 397836 408474 417285 424268 429784 434014 437254 439700 441484 442756 443636 444231 444625 444855 445019 445129 445207 445257 445295 445310 445314 445315
iter 9: 29653 59961 90502 120797 150944 180409 209170 236936 263681 288775 312103 333612 352975 370140 385001 397836 408474 417285 424268 429784 434014 437254 439700 441484 442756 443636 444231 444625 444855 445019 445129 445207 445257 445295 445310 445314 445315
iter 10: 29653 59961 90502 120797 150944 180409 209170 236936 263681 288775 312103 333612 352975 370140 385001 397836 408474 417285 424268 429784 434014 437254 439700 441484 442756 443636 444231 444625 444855 445019 445129 445207 445257 445295 445310 445314 445315
iter 11: 29653 59961 90502 120797 150944 180409 209170 236936 263681 288775 312103 333612 352975 370140 385001 397836 408474 417285 424268 429784 434014 437254 439700 441484 442756 443636 444231 444625 444855 445019 445129 445207 445257 445295 445310 445314 445315
iter 12: 29653 59961 90502 120797 150944 180409 209170 236936 263681 288775 312103 333612 352975 370140 385001 397836 408474 417285 424268 429784 434014 437254 439700 441484 442756 443636 444231 444625 444855 445019 445129 445207 445257 445295 445310 445314 445315
iter 13: 29653 59961 90502 120797 150944 180409 209170 236936 263681 288775 312103 333612 352975 370140 385001 397836 408474 417285 424268 429784 434014 437254 439700 441484 442756 443636 444231 444625 444855 445019 445129 445207 445257 445295 445310 445314 445315
iter 14: 29653 59961 90502 120797 150944 180409 209170 236936 263681 288775 312103 333612 352975 370140 385001 397836 408474 417285 424268 429784 434014 437254 439700 441484 442756 443636 444231 444625 444855 445019 445129 445207 445257 445295 445310 445314 445315
iter 15: 29653 59961 90502 120797 150944 180409 209170 236936 263681 288775 312103 333612 352975 370140 385001 397836 408474 417285 424268 429784 434014 437254 439700 441484 442756 443636 444231 444625 444855 445019 445129 445207 445257 445295 445310 445314 445315
iter 16: 29653 59961 90502 120797 150944 180409 209170 236936 263681 288775 312103 333612 352975 370140 385001 397836 408474 417285 424268 429784 434014 437254 439700 441484 442756 443636 444231 444625 444855 445019 445129 445207 445257 445295 445310 445314 445315
iter 17: 29653 59961 90502 120797 150944 180409 209170 236936 263681 288775 312103 333612 352975 370140 385001 397836 408474 417285 424268 429784 434014 437254 439700 441484 442756 443636 444231 444625 444855 445019 445129 445207 445257 445295 445310 445314 445315
iter 18: 29653 59961 90502 120797 150944 180409 209170 236936 263681 288775 312103 333612 352975 370140 385001 397836 408474 417285 424268 429784 434014 437254 439700 441484 442756 443636 444231 444625 444855 445019 445129 445207 445257 445295 445310 445314 445315
iter 19: 29653 59961 90502 120797 150944 180409 209170 236936 263681 288775 312103 333612 352975 370140 385001 397836 408474 417285 424268 429784 434014 437254 439700 441484 442756 443636 444231 444625 444855 445019 445129 445207 445257 445295 445310 445314 445315

Test time [ms]:156.557
Program duration [ms]: 766.594