Graph Coloring - v1.0.0
Graph Representation: Compressed Sparse Row
Coloring Algorithm: Parallel Jones-Plassmann (CUDA) Min-Max Independent Sets

Loading graph from /home/cardone/Desktop/graphs/gra/email-Enron.gra
Graph succesfully loaded from file.
V: 36692, E: 367662, maxD: 1383, minD: 1, avgD: 10.0202
Init time [ms]: 14.206
========================================================
1	num-cols: 111 	========================================================
2	num-cols: 123 	========================================================
3	num-cols: 123 	========================================================
4	num-cols: 123 	========================================================
5	num-cols: 123 	========================================================
6	num-cols: 123 	========================================================
7	num-cols: 123 	========================================================
8	num-cols: 123 	========================================================
9	num-cols: 123 	========================================================
10	num-cols: 123 	========================================================
11	num-cols: 123 	========================================================
12	num-cols: 123 	========================================================
13	num-cols: 123 	========================================================
14	num-cols: 123 	========================================================
15	num-cols: 123 	========================================================
16	num-cols: 123 	========================================================
17	num-cols: 123 	========================================================
18	num-cols: 123 	========================================================
19	num-cols: 123 	========================================================
20	num-cols: 123 	========================================================
Timings [ms]
Avg random vector initialization time: 0.18975
Avg allocation time: 0.24875
Avg upload time: 0.1862
Avg process time: 13.473
Avg download time: 0.0279
Avg total time: 13.9359
Inner total time (start to end function): 341.583
Reset total time: 3.795
Process total time: 278.718
Avg number colors: 122
Colors per iteration:
iter 0: 19836 26222 29444 31185 32327 33184 33727 34123 34432 34687 34901 35099 35268 35413 35520 35620 35708 35775 35854 35932 35988 36049 36099 36154 36194 36230 36258 36290 36331 36361 36393 36418 36437 36460 36480 36505 36524 36538 36555 36567 36582 36598 36606 36616 36628 36635 36645 36653 36660 36666 36671 36676 36681 36687 36691 36692
iter 1: 20218 26273 29457 31387 32472 33252 33816 34221 34511 34725 34975 35161 35296 35413 35549 35636 35730 35804 35875 35940 35990 36048 36108 36157 36206 36239 36283 36325 36359 36375 36398 36420 36447 36462 36482 36500 36514 36527 36541 36552 36559 36570 36583 36590 36597 36606 36616 36620 36627 36635 36640 36649 36653 36661 36667 36673 36675 36681 36684 36687 36690 36692
iter 2: 20218 26273 29457 31387 32472 33252 33816 34221 34511 34725 34975 35161 35296 35413 35549 35636 35730 35804 35875 35940 35990 36048 36108 36157 36206 36239 36283 36325 36359 36375 36398 36420 36447 36462 36482 36500 36514 36527 36541 36552 36559 36570 36583 36590 36597 36606 36616 36620 36627 36635 36640 36649 36653 36661 36667 36673 36675 36681 36684 36687 36690 36692
iter 3: 20218 26273 29457 31387 32472 33252 33816 34221 34511 34725 34975 35161 35296 35413 35549 35636 35730 35804 35875 35940 35990 36048 36108 36157 36206 36239 36283 36325 36359 36375 36398 36420 36447 36462 36482 36500 36514 36527 36541 36552 36559 36570 36583 36590 36597 36606 36616 36620 36627 36635 36640 36649 36653 36661 36667 36673 36675 36681 36684 36687 36690 36692
iter 4: 20218 26273 29457 31387 32472 33252 33816 34221 34511 34725 34975 35161 35296 35413 35549 35636 35730 35804 35875 35940 35990 36048 36108 36157 36206 36239 36283 36325 36359 36375 36398 36420 36447 36462 36482 36500 36514 36527 36541 36552 36559 36570 36583 36590 36597 36606 36616 36620 36627 36635 36640 36649 36653 36661 36667 36673 36675 36681 36684 36687 36690 36692
iter 5: 20218 26273 29457 31387 32472 33252 33816 34221 34511 34725 34975 35161 35296 35413 35549 35636 35730 35804 35875 35940 35990 36048 36108 36157 36206 36239 36283 36325 36359 36375 36398 36420 36447 36462 36482 36500 36514 36527 36541 36552 36559 36570 36583 36590 36597 36606 36616 36620 36627 36635 36640 36649 36653 36661 36667 36673 36675 36681 36684 36687 36690 36692
iter 6: 20218 26273 29457 31387 32472 33252 33816 34221 34511 34725 34975 35161 35296 35413 35549 35636 35730 35804 35875 35940 35990 36048 36108 36157 36206 36239 36283 36325 36359 36375 36398 36420 36447 36462 36482 36500 36514 36527 36541 36552 36559 36570 36583 36590 36597 36606 36616 36620 36627 36635 36640 36649 36653 36661 36667 36673 36675 36681 36684 36687 36690 36692
iter 7: 20218 26273 29457 31387 32472 33252 33816 34221 34511 34725 34975 35161 35296 35413 35549 35636 35730 35804 35875 35940 35990 36048 36108 36157 36206 36239 36283 36325 36359 36375 36398 36420 36447 36462 36482 36500 36514 36527 36541 36552 36559 36570 36583 36590 36597 36606 36616 36620 36627 36635 36640 36649 36653 36661 36667 36673 36675 36681 36684 36687 36690 36692
iter 8: 20218 26273 29457 31387 32472 33252 33816 34221 34511 34725 34975 35161 35296 35413 35549 35636 35730 35804 35875 35940 35990 36048 36108 36157 36206 36239 36283 36325 36359 36375 36398 36420 36447 36462 36482 36500 36514 36527 36541 36552 36559 36570 36583 36590 36597 36606 36616 36620 36627 36635 36640 36649 36653 36661 36667 36673 36675 36681 36684 36687 36690 36692
iter 9: 20218 26273 29457 31387 32472 33252 33816 34221 34511 34725 34975 35161 35296 35413 35549 35636 35730 35804 35875 35940 35990 36048 36108 36157 36206 36239 36283 36325 36359 36375 36398 36420 36447 36462 36482 36500 36514 36527 36541 36552 36559 36570 36583 36590 36597 36606 36616 36620 36627 36635 36640 36649 36653 36661 36667 36673 36675 36681 36684 36687 36690 36692
iter 10: 20218 26273 29457 31387 32472 33252 33816 34221 34511 34725 34975 35161 35296 35413 35549 35636 35730 35804 35875 35940 35990 36048 36108 36157 36206 36239 36283 36325 36359 36375 36398 36420 36447 36462 36482 36500 36514 36527 36541 36552 36559 36570 36583 36590 36597 36606 36616 36620 36627 36635 36640 36649 36653 36661 36667 36673 36675 36681 36684 36687 36690 36692
iter 11: 20218 26273 29457 31387 32472 33252 33816 34221 34511 34725 34975 35161 35296 35413 35549 35636 35730 35804 35875 35940 35990 36048 36108 36157 36206 36239 36283 36325 36359 36375 36398 36420 36447 36462 36482 36500 36514 36527 36541 36552 36559 36570 36583 36590 36597 36606 36616 36620 36627 36635 36640 36649 36653 36661 36667 36673 36675 36681 36684 36687 36690 36692
iter 12: 20218 26273 29457 31387 32472 33252 33816 34221 34511 34725 34975 35161 35296 35413 35549 35636 35730 35804 35875 35940 35990 36048 36108 36157 36206 36239 36283 36325 36359 36375 36398 36420 36447 36462 36482 36500 36514 36527 36541 36552 36559 36570 36583 36590 36597 36606 36616 36620 36627 36635 36640 36649 36653 36661 36667 36673 36675 36681 36684 36687 36690 36692
iter 13: 20218 26273 29457 31387 32472 33252 33816 34221 34511 34725 34975 35161 35296 35413 35549 35636 35730 35804 35875 35940 35990 36048 36108 36157 36206 36239 36283 36325 36359 36375 36398 36420 36447 36462 36482 36500 36514 36527 36541 36552 36559 36570 36583 36590 36597 36606 36616 36620 36627 36635 36640 36649 36653 36661 36667 36673 36675 36681 36684 36687 36690 36692
iter 14: 20218 26273 29457 31387 32472 33252 33816 34221 34511 34725 34975 35161 35296 35413 35549 35636 35730 35804 35875 35940 35990 36048 36108 36157 36206 36239 36283 36325 36359 36375 36398 36420 36447 36462 36482 36500 36514 36527 36541 36552 36559 36570 36583 36590 36597 36606 36616 36620 36627 36635 36640 36649 36653 36661 36667 36673 36675 36681 36684 36687 36690 36692
iter 15: 20218 26273 29457 31387 32472 33252 33816 34221 34511 34725 34975 35161 35296 35413 35549 35636 35730 35804 35875 35940 35990 36048 36108 36157 36206 36239 36283 36325 36359 36375 36398 36420 36447 36462 36482 36500 36514 36527 36541 36552 36559 36570 36583 36590 36597 36606 36616 36620 36627 36635 36640 36649 36653 36661 36667 36673 36675 36681 36684 36687 36690 36692
iter 16: 20218 26273 29457 31387 32472 33252 33816 34221 34511 34725 34975 35161 35296 35413 35549 35636 35730 35804 35875 35940 35990 36048 36108 36157 36206 36239 36283 36325 36359 36375 36398 36420 36447 36462 36482 36500 36514 36527 36541 36552 36559 36570 36583 36590 36597 36606 36616 36620 36627 36635 36640 36649 36653 36661 36667 36673 36675 36681 36684 36687 36690 36692
iter 17: 20218 26273 29457 31387 32472 33252 33816 34221 34511 34725 34975 35161 35296 35413 35549 35636 35730 35804 35875 35940 35990 36048 36108 36157 36206 36239 36283 36325 36359 36375 36398 36420 36447 36462 36482 36500 36514 36527 36541 36552 36559 36570 36583 36590 36597 36606 36616 36620 36627 36635 36640 36649 36653 36661 36667 36673 36675 36681 36684 36687 36690 36692
iter 18: 20218 26273 29457 31387 32472 33252 33816 34221 34511 34725 34975 35161 35296 35413 35549 35636 35730 35804 35875 35940 35990 36048 36108 36157 36206 36239 36283 36325 36359 36375 36398 36420 36447 36462 36482 36500 36514 36527 36541 36552 36559 36570 36583 36590 36597 36606 36616 36620 36627 36635 36640 36649 36653 36661 36667 36673 36675 36681 36684 36687 36690 36692
iter 19: 20218 26273 29457 31387 32472 33252 33816 34221 34511 34725 34975 35161 35296 35413 35549 35636 35730 35804 35875 35940 35990 36048 36108 36157 36206 36239 36283 36325 36359 36375 36398 36420 36447 36462 36482 36500 36514 36527 36541 36552 36559 36570 36583 36590 36597 36606 36616 36620 36627 36635 36640 36649 36653 36661 36667 36673 36675 36681 36684 36687 36690 36692

Test time [ms]:11.076
Program duration [ms]: 382.558