Graph Coloring - v1.0.0
Graph Representation: Compressed Sparse Row
Coloring Algorithm: Parallel Jones-Plassmann (CUDA) 

Loading graph from /home/cardone/Desktop/graphs/gra/email-Enron.gra
Graph succesfully loaded from file.
V: 36692, E: 367662, maxD: 1383, minD: 1, avgD: 10.0202
Init time [ms]: 14.44
========================================================
1	num-cols: 116 	========================================================
2	num-cols: 116 	========================================================
3	num-cols: 116 	========================================================
4	num-cols: 116 	========================================================
5	num-cols: 116 	========================================================
6	num-cols: 116 	========================================================
7	num-cols: 116 	========================================================
8	num-cols: 116 	========================================================
9	num-cols: 116 	========================================================
10	num-cols: 116 	========================================================
11	num-cols: 116 	========================================================
12	num-cols: 116 	========================================================
13	num-cols: 116 	========================================================
14	num-cols: 116 	========================================================
15	num-cols: 116 	========================================================
16	num-cols: 116 	========================================================
17	num-cols: 116 	========================================================
18	num-cols: 116 	========================================================
19	num-cols: 116 	========================================================
20	num-cols: 116 	========================================================
Timings [ms]
Avg random vector initialization time: 0.18585
Avg allocation time: 0.2494
Avg upload time: 0.1842
Avg process time: 26.1688
Avg download time: 0.0275
Avg total time: 26.6299
Inner total time (start to end function): 615.962
Reset total time: 3.717
Process total time: 532.598
Avg number colors: 116
Colors per iteration:
iter 0: 10141 17324 21945 25012 27175 28790 29947 30754 31456 32016 32488 32866 33161 33443 33675 33874 34101 34249 34397 34559 34690 34829 34917 35019 35107 35193 35257 35321 35378 35444 35497 35543 35582 35625 35675 35708 35732 35773 35820 35837 35860 35893 35932 35967 35996 36027 36057 36075 36098 36128 36151 36169 36190 36215 36236 36250 36272 36297 36316 36329 36345 36360 36377 36392 36401 36410 36421 36433 36451 36464 36473 36484 36492 36500 36511 36518 36533 36539 36545 36552 36560 36566 36571 36578 36584 36587 36592 36598 36606 36611 36617 36624 36627 36631 36636 36638 36643 36647 36649 36651 36654 36657 36661 36665 36669 36671 36674 36676 36679 36682 36684 36687 36688 36690 36691 36692
iter 1: 10141 17324 21945 25012 27175 28790 29947 30754 31456 32016 32488 32866 33161 33443 33675 33874 34101 34249 34397 34559 34690 34829 34917 35019 35107 35193 35257 35321 35378 35444 35497 35543 35582 35625 35675 35708 35732 35773 35820 35837 35860 35893 35932 35967 35996 36027 36057 36075 36098 36128 36151 36169 36190 36215 36236 36250 36272 36297 36316 36329 36345 36360 36377 36392 36401 36410 36421 36433 36451 36464 36473 36484 36492 36500 36511 36518 36533 36539 36545 36552 36560 36566 36571 36578 36584 36587 36592 36598 36606 36611 36617 36624 36627 36631 36636 36638 36643 36647 36649 36651 36654 36657 36661 36665 36669 36671 36674 36676 36679 36682 36684 36687 36688 36690 36691 36692
iter 2: 10141 17324 21945 25012 27175 28790 29947 30754 31456 32016 32488 32866 33161 33443 33675 33874 34101 34249 34397 34559 34690 34829 34917 35019 35107 35193 35257 35321 35378 35444 35497 35543 35582 35625 35675 35708 35732 35773 35820 35837 35860 35893 35932 35967 35996 36027 36057 36075 36098 36128 36151 36169 36190 36215 36236 36250 36272 36297 36316 36329 36345 36360 36377 36392 36401 36410 36421 36433 36451 36464 36473 36484 36492 36500 36511 36518 36533 36539 36545 36552 36560 36566 36571 36578 36584 36587 36592 36598 36606 36611 36617 36624 36627 36631 36636 36638 36643 36647 36649 36651 36654 36657 36661 36665 36669 36671 36674 36676 36679 36682 36684 36687 36688 36690 36691 36692
iter 3: 10141 17324 21945 25012 27175 28790 29947 30754 31456 32016 32488 32866 33161 33443 33675 33874 34101 34249 34397 34559 34690 34829 34917 35019 35107 35193 35257 35321 35378 35444 35497 35543 35582 35625 35675 35708 35732 35773 35820 35837 35860 35893 35932 35967 35996 36027 36057 36075 36098 36128 36151 36169 36190 36215 36236 36250 36272 36297 36316 36329 36345 36360 36377 36392 36401 36410 36421 36433 36451 36464 36473 36484 36492 36500 36511 36518 36533 36539 36545 36552 36560 36566 36571 36578 36584 36587 36592 36598 36606 36611 36617 36624 36627 36631 36636 36638 36643 36647 36649 36651 36654 36657 36661 36665 36669 36671 36674 36676 36679 36682 36684 36687 36688 36690 36691 36692
iter 4: 10141 17324 21945 25012 27175 28790 29947 30754 31456 32016 32488 32866 33161 33443 33675 33874 34101 34249 34397 34559 34690 34829 34917 35019 35107 35193 35257 35321 35378 35444 35497 35543 35582 35625 35675 35708 35732 35773 35820 35837 35860 35893 35932 35967 35996 36027 36057 36075 36098 36128 36151 36169 36190 36215 36236 36250 36272 36297 36316 36329 36345 36360 36377 36392 36401 36410 36421 36433 36451 36464 36473 36484 36492 36500 36511 36518 36533 36539 36545 36552 36560 36566 36571 36578 36584 36587 36592 36598 36606 36611 36617 36624 36627 36631 36636 36638 36643 36647 36649 36651 36654 36657 36661 36665 36669 36671 36674 36676 36679 36682 36684 36687 36688 36690 36691 36692
iter 5: 10141 17324 21945 25012 27175 28790 29947 30754 31456 32016 32488 32866 33161 33443 33675 33874 34101 34249 34397 34559 34690 34829 34917 35019 35107 35193 35257 35321 35378 35444 35497 35543 35582 35625 35675 35708 35732 35773 35820 35837 35860 35893 35932 35967 35996 36027 36057 36075 36098 36128 36151 36169 36190 36215 36236 36250 36272 36297 36316 36329 36345 36360 36377 36392 36401 36410 36421 36433 36451 36464 36473 36484 36492 36500 36511 36518 36533 36539 36545 36552 36560 36566 36571 36578 36584 36587 36592 36598 36606 36611 36617 36624 36627 36631 36636 36638 36643 36647 36649 36651 36654 36657 36661 36665 36669 36671 36674 36676 36679 36682 36684 36687 36688 36690 36691 36692
iter 6: 10141 17324 21945 25012 27175 28790 29947 30754 31456 32016 32488 32866 33161 33443 33675 33874 34101 34249 34397 34559 34690 34829 34917 35019 35107 35193 35257 35321 35378 35444 35497 35543 35582 35625 35675 35708 35732 35773 35820 35837 35860 35893 35932 35967 35996 36027 36057 36075 36098 36128 36151 36169 36190 36215 36236 36250 36272 36297 36316 36329 36345 36360 36377 36392 36401 36410 36421 36433 36451 36464 36473 36484 36492 36500 36511 36518 36533 36539 36545 36552 36560 36566 36571 36578 36584 36587 36592 36598 36606 36611 36617 36624 36627 36631 36636 36638 36643 36647 36649 36651 36654 36657 36661 36665 36669 36671 36674 36676 36679 36682 36684 36687 36688 36690 36691 36692
iter 7: 10141 17324 21945 25012 27175 28790 29947 30754 31456 32016 32488 32866 33161 33443 33675 33874 34101 34249 34397 34559 34690 34829 34917 35019 35107 35193 35257 35321 35378 35444 35497 35543 35582 35625 35675 35708 35732 35773 35820 35837 35860 35893 35932 35967 35996 36027 36057 36075 36098 36128 36151 36169 36190 36215 36236 36250 36272 36297 36316 36329 36345 36360 36377 36392 36401 36410 36421 36433 36451 36464 36473 36484 36492 36500 36511 36518 36533 36539 36545 36552 36560 36566 36571 36578 36584 36587 36592 36598 36606 36611 36617 36624 36627 36631 36636 36638 36643 36647 36649 36651 36654 36657 36661 36665 36669 36671 36674 36676 36679 36682 36684 36687 36688 36690 36691 36692
iter 8: 10141 17324 21945 25012 27175 28790 29947 30754 31456 32016 32488 32866 33161 33443 33675 33874 34101 34249 34397 34559 34690 34829 34917 35019 35107 35193 35257 35321 35378 35444 35497 35543 35582 35625 35675 35708 35732 35773 35820 35837 35860 35893 35932 35967 35996 36027 36057 36075 36098 36128 36151 36169 36190 36215 36236 36250 36272 36297 36316 36329 36345 36360 36377 36392 36401 36410 36421 36433 36451 36464 36473 36484 36492 36500 36511 36518 36533 36539 36545 36552 36560 36566 36571 36578 36584 36587 36592 36598 36606 36611 36617 36624 36627 36631 36636 36638 36643 36647 36649 36651 36654 36657 36661 36665 36669 36671 36674 36676 36679 36682 36684 36687 36688 36690 36691 36692
iter 9: 10141 17324 21945 25012 27175 28790 29947 30754 31456 32016 32488 32866 33161 33443 33675 33874 34101 34249 34397 34559 34690 34829 34917 35019 35107 35193 35257 35321 35378 35444 35497 35543 35582 35625 35675 35708 35732 35773 35820 35837 35860 35893 35932 35967 35996 36027 36057 36075 36098 36128 36151 36169 36190 36215 36236 36250 36272 36297 36316 36329 36345 36360 36377 36392 36401 36410 36421 36433 36451 36464 36473 36484 36492 36500 36511 36518 36533 36539 36545 36552 36560 36566 36571 36578 36584 36587 36592 36598 36606 36611 36617 36624 36627 36631 36636 36638 36643 36647 36649 36651 36654 36657 36661 36665 36669 36671 36674 36676 36679 36682 36684 36687 36688 36690 36691 36692
iter 10: 10141 17324 21945 25012 27175 28790 29947 30754 31456 32016 32488 32866 33161 33443 33675 33874 34101 34249 34397 34559 34690 34829 34917 35019 35107 35193 35257 35321 35378 35444 35497 35543 35582 35625 35675 35708 35732 35773 35820 35837 35860 35893 35932 35967 35996 36027 36057 36075 36098 36128 36151 36169 36190 36215 36236 36250 36272 36297 36316 36329 36345 36360 36377 36392 36401 36410 36421 36433 36451 36464 36473 36484 36492 36500 36511 36518 36533 36539 36545 36552 36560 36566 36571 36578 36584 36587 36592 36598 36606 36611 36617 36624 36627 36631 36636 36638 36643 36647 36649 36651 36654 36657 36661 36665 36669 36671 36674 36676 36679 36682 36684 36687 36688 36690 36691 36692
iter 11: 10141 17324 21945 25012 27175 28790 29947 30754 31456 32016 32488 32866 33161 33443 33675 33874 34101 34249 34397 34559 34690 34829 34917 35019 35107 35193 35257 35321 35378 35444 35497 35543 35582 35625 35675 35708 35732 35773 35820 35837 35860 35893 35932 35967 35996 36027 36057 36075 36098 36128 36151 36169 36190 36215 36236 36250 36272 36297 36316 36329 36345 36360 36377 36392 36401 36410 36421 36433 36451 36464 36473 36484 36492 36500 36511 36518 36533 36539 36545 36552 36560 36566 36571 36578 36584 36587 36592 36598 36606 36611 36617 36624 36627 36631 36636 36638 36643 36647 36649 36651 36654 36657 36661 36665 36669 36671 36674 36676 36679 36682 36684 36687 36688 36690 36691 36692
iter 12: 10141 17324 21945 25012 27175 28790 29947 30754 31456 32016 32488 32866 33161 33443 33675 33874 34101 34249 34397 34559 34690 34829 34917 35019 35107 35193 35257 35321 35378 35444 35497 35543 35582 35625 35675 35708 35732 35773 35820 35837 35860 35893 35932 35967 35996 36027 36057 36075 36098 36128 36151 36169 36190 36215 36236 36250 36272 36297 36316 36329 36345 36360 36377 36392 36401 36410 36421 36433 36451 36464 36473 36484 36492 36500 36511 36518 36533 36539 36545 36552 36560 36566 36571 36578 36584 36587 36592 36598 36606 36611 36617 36624 36627 36631 36636 36638 36643 36647 36649 36651 36654 36657 36661 36665 36669 36671 36674 36676 36679 36682 36684 36687 36688 36690 36691 36692
iter 13: 10141 17324 21945 25012 27175 28790 29947 30754 31456 32016 32488 32866 33161 33443 33675 33874 34101 34249 34397 34559 34690 34829 34917 35019 35107 35193 35257 35321 35378 35444 35497 35543 35582 35625 35675 35708 35732 35773 35820 35837 35860 35893 35932 35967 35996 36027 36057 36075 36098 36128 36151 36169 36190 36215 36236 36250 36272 36297 36316 36329 36345 36360 36377 36392 36401 36410 36421 36433 36451 36464 36473 36484 36492 36500 36511 36518 36533 36539 36545 36552 36560 36566 36571 36578 36584 36587 36592 36598 36606 36611 36617 36624 36627 36631 36636 36638 36643 36647 36649 36651 36654 36657 36661 36665 36669 36671 36674 36676 36679 36682 36684 36687 36688 36690 36691 36692
iter 14: 10141 17324 21945 25012 27175 28790 29947 30754 31456 32016 32488 32866 33161 33443 33675 33874 34101 34249 34397 34559 34690 34829 34917 35019 35107 35193 35257 35321 35378 35444 35497 35543 35582 35625 35675 35708 35732 35773 35820 35837 35860 35893 35932 35967 35996 36027 36057 36075 36098 36128 36151 36169 36190 36215 36236 36250 36272 36297 36316 36329 36345 36360 36377 36392 36401 36410 36421 36433 36451 36464 36473 36484 36492 36500 36511 36518 36533 36539 36545 36552 36560 36566 36571 36578 36584 36587 36592 36598 36606 36611 36617 36624 36627 36631 36636 36638 36643 36647 36649 36651 36654 36657 36661 36665 36669 36671 36674 36676 36679 36682 36684 36687 36688 36690 36691 36692
iter 15: 10141 17324 21945 25012 27175 28790 29947 30754 31456 32016 32488 32866 33161 33443 33675 33874 34101 34249 34397 34559 34690 34829 34917 35019 35107 35193 35257 35321 35378 35444 35497 35543 35582 35625 35675 35708 35732 35773 35820 35837 35860 35893 35932 35967 35996 36027 36057 36075 36098 36128 36151 36169 36190 36215 36236 36250 36272 36297 36316 36329 36345 36360 36377 36392 36401 36410 36421 36433 36451 36464 36473 36484 36492 36500 36511 36518 36533 36539 36545 36552 36560 36566 36571 36578 36584 36587 36592 36598 36606 36611 36617 36624 36627 36631 36636 36638 36643 36647 36649 36651 36654 36657 36661 36665 36669 36671 36674 36676 36679 36682 36684 36687 36688 36690 36691 36692
iter 16: 10141 17324 21945 25012 27175 28790 29947 30754 31456 32016 32488 32866 33161 33443 33675 33874 34101 34249 34397 34559 34690 34829 34917 35019 35107 35193 35257 35321 35378 35444 35497 35543 35582 35625 35675 35708 35732 35773 35820 35837 35860 35893 35932 35967 35996 36027 36057 36075 36098 36128 36151 36169 36190 36215 36236 36250 36272 36297 36316 36329 36345 36360 36377 36392 36401 36410 36421 36433 36451 36464 36473 36484 36492 36500 36511 36518 36533 36539 36545 36552 36560 36566 36571 36578 36584 36587 36592 36598 36606 36611 36617 36624 36627 36631 36636 36638 36643 36647 36649 36651 36654 36657 36661 36665 36669 36671 36674 36676 36679 36682 36684 36687 36688 36690 36691 36692
iter 17: 10141 17324 21945 25012 27175 28790 29947 30754 31456 32016 32488 32866 33161 33443 33675 33874 34101 34249 34397 34559 34690 34829 34917 35019 35107 35193 35257 35321 35378 35444 35497 35543 35582 35625 35675 35708 35732 35773 35820 35837 35860 35893 35932 35967 35996 36027 36057 36075 36098 36128 36151 36169 36190 36215 36236 36250 36272 36297 36316 36329 36345 36360 36377 36392 36401 36410 36421 36433 36451 36464 36473 36484 36492 36500 36511 36518 36533 36539 36545 36552 36560 36566 36571 36578 36584 36587 36592 36598 36606 36611 36617 36624 36627 36631 36636 36638 36643 36647 36649 36651 36654 36657 36661 36665 36669 36671 36674 36676 36679 36682 36684 36687 36688 36690 36691 36692
iter 18: 10141 17324 21945 25012 27175 28790 29947 30754 31456 32016 32488 32866 33161 33443 33675 33874 34101 34249 34397 34559 34690 34829 34917 35019 35107 35193 35257 35321 35378 35444 35497 35543 35582 35625 35675 35708 35732 35773 35820 35837 35860 35893 35932 35967 35996 36027 36057 36075 36098 36128 36151 36169 36190 36215 36236 36250 36272 36297 36316 36329 36345 36360 36377 36392 36401 36410 36421 36433 36451 36464 36473 36484 36492 36500 36511 36518 36533 36539 36545 36552 36560 36566 36571 36578 36584 36587 36592 36598 36606 36611 36617 36624 36627 36631 36636 36638 36643 36647 36649 36651 36654 36657 36661 36665 36669 36671 36674 36676 36679 36682 36684 36687 36688 36690 36691 36692
iter 19: 10141 17324 21945 25012 27175 28790 29947 30754 31456 32016 32488 32866 33161 33443 33675 33874 34101 34249 34397 34559 34690 34829 34917 35019 35107 35193 35257 35321 35378 35444 35497 35543 35582 35625 35675 35708 35732 35773 35820 35837 35860 35893 35932 35967 35996 36027 36057 36075 36098 36128 36151 36169 36190 36215 36236 36250 36272 36297 36316 36329 36345 36360 36377 36392 36401 36410 36421 36433 36451 36464 36473 36484 36492 36500 36511 36518 36533 36539 36545 36552 36560 36566 36571 36578 36584 36587 36592 36598 36606 36611 36617 36624 36627 36631 36636 36638 36643 36647 36649 36651 36654 36657 36661 36665 36669 36671 36674 36676 36679 36682 36684 36687 36688 36690 36691 36692

Test time [ms]:11.723
Program duration [ms]: 657.215