Graph Coloring - v1.0.0
Graph Representation: Compressed Sparse Row
Coloring Algorithm: Parallel Jones-Plassmann (CUDA) Min-Max Independent Sets

Loading graph from /home/cardone/Desktop/graphs/gra/af_shell3.gra
Graph succesfully loaded from file.
V: 504855, E: 17084020, maxD: 39, minD: 19, avgD: 33.8395
Init time [ms]: 582.598
========================================================
1	num-cols: 47 	========================================================
2	num-cols: 47 	========================================================
3	num-cols: 47 	========================================================
4	num-cols: 47 	========================================================
5	num-cols: 47 	========================================================
6	num-cols: 45 	========================================================
7	num-cols: 45 	========================================================
8	num-cols: 45 	========================================================
9	num-cols: 45 	========================================================
10	num-cols: 45 	========================================================
11	num-cols: 45 	========================================================
12	num-cols: 45 	========================================================
13	num-cols: 45 	========================================================
14	num-cols: 45 	========================================================
15	num-cols: 45 	========================================================
16	num-cols: 45 	========================================================
17	num-cols: 45 	========================================================
18	num-cols: 45 	========================================================
19	num-cols: 45 	========================================================
20	num-cols: 45 	========================================================
Timings [ms]
Avg random vector initialization time: 2.5534
Avg allocation time: 0.32205
Avg upload time: 6.30365
Avg process time: 6.20995
Avg download time: 0.2468
Avg total time: 13.0824
Inner total time (start to end function): 372.293
Reset total time: 51.068
Process total time: 261.649
Avg number colors: 46
Colors per iteration:
iter 0: 29137 58332 87623 116768 145903 175034 204171 233404 262699 291925 321195 350339 379577 408455 436492 462265 483112 496337 502395 504307 504758 504849 504854 504855
iter 1: 29137 58332 87623 116768 145903 175034 204171 233404 262699 291925 321195 350339 379577 408455 436492 462265 483112 496337 502395 504307 504758 504849 504854 504855
iter 2: 29137 58332 87623 116768 145903 175034 204171 233404 262699 291925 321195 350339 379577 408455 436492 462265 483112 496337 502395 504307 504758 504849 504854 504855
iter 3: 29137 58332 87623 116768 145903 175034 204171 233404 262699 291925 321195 350339 379577 408455 436492 462265 483112 496337 502395 504307 504758 504849 504854 504855
iter 4: 29137 58332 87623 116768 145903 175034 204171 233404 262699 291925 321195 350339 379577 408455 436492 462265 483112 496337 502395 504307 504758 504849 504854 504855
iter 5: 28964 58255 87322 116347 145385 174526 203760 232932 262228 291514 320792 350110 379371 408364 436595 462341 483030 496172 502350 504355 504794 504850 504855
iter 6: 28964 58255 87322 116347 145385 174526 203760 232932 262228 291514 320792 350110 379371 408364 436595 462341 483030 496172 502350 504355 504794 504850 504855
iter 7: 28964 58255 87322 116347 145385 174526 203760 232932 262228 291514 320792 350110 379371 408364 436595 462341 483030 496172 502350 504355 504794 504850 504855
iter 8: 28964 58255 87322 116347 145385 174526 203760 232932 262228 291514 320792 350110 379371 408364 436595 462341 483030 496172 502350 504355 504794 504850 504855
iter 9: 28964 58255 87322 116347 145385 174526 203760 232932 262228 291514 320792 350110 379371 408364 436595 462341 483030 496172 502350 504355 504794 504850 504855
iter 10: 28964 58255 87322 116347 145385 174526 203760 232932 262228 291514 320792 350110 379371 408364 436595 462341 483030 496172 502350 504355 504794 504850 504855
iter 11: 28964 58255 87322 116347 145385 174526 203760 232932 262228 291514 320792 350110 379371 408364 436595 462341 483030 496172 502350 504355 504794 504850 504855
iter 12: 28964 58255 87322 116347 145385 174526 203760 232932 262228 291514 320792 350110 379371 408364 436595 462341 483030 496172 502350 504355 504794 504850 504855
iter 13: 28964 58255 87322 116347 145385 174526 203760 232932 262228 291514 320792 350110 379371 408364 436595 462341 483030 496172 502350 504355 504794 504850 504855
iter 14: 28964 58255 87322 116347 145385 174526 203760 232932 262228 291514 320792 350110 379371 408364 436595 462341 483030 496172 502350 504355 504794 504850 504855
iter 15: 28964 58255 87322 116347 145385 174526 203760 232932 262228 291514 320792 350110 379371 408364 436595 462341 483030 496172 502350 504355 504794 504850 504855
iter 16: 28964 58255 87322 116347 145385 174526 203760 232932 262228 291514 320792 350110 379371 408364 436595 462341 483030 496172 502350 504355 504794 504850 504855
iter 17: 28964 58255 87322 116347 145385 174526 203760 232932 262228 291514 320792 350110 379371 408364 436595 462341 483030 496172 502350 504355 504794 504850 504855
iter 18: 28964 58255 87322 116347 145385 174526 203760 232932 262228 291514 320792 350110 379371 408364 436595 462341 483030 496172 502350 504355 504794 504850 504855
iter 19: 28964 58255 87322 116347 145385 174526 203760 232932 262228 291514 320792 350110 379371 408364 436595 462341 483030 496172 502350 504355 504794 504850 504855

Test time [ms]:268.159
Program duration [ms]: 1450.52