Graph Coloring - v1.0.0
Graph Representation: Compressed Sparse Row
Coloring Algorithm: Parallel Jones-Plassmann (CUDA) 

Loading graph from /home/cardone/Desktop/graphs/gra/af_shell3.gra
Graph succesfully loaded from file.
V: 504855, E: 17084020, maxD: 39, minD: 19, avgD: 33.8395
Init time [ms]: 602.013
========================================================
1	num-cols: 65 	========================================================
2	num-cols: 65 	========================================================
3	num-cols: 65 	========================================================
4	num-cols: 65 	========================================================
5	num-cols: 65 	========================================================
6	num-cols: 65 	========================================================
7	num-cols: 65 	========================================================
8	num-cols: 65 	========================================================
9	num-cols: 60 	========================================================
10	num-cols: 60 	========================================================
11	num-cols: 60 	========================================================
12	num-cols: 60 	========================================================
13	num-cols: 60 	========================================================
14	num-cols: 60 	========================================================
15	num-cols: 60 	========================================================
16	num-cols: 60 	========================================================
17	num-cols: 60 	========================================================
18	num-cols: 60 	========================================================
19	num-cols: 60 	========================================================
20	num-cols: 60 	========================================================
Timings [ms]
Avg random vector initialization time: 2.6454
Avg allocation time: 0.3397
Avg upload time: 6.2548
Avg process time: 13.8087
Avg download time: 0.25175
Avg total time: 20.655
Inner total time (start to end function): 525.15
Reset total time: 52.908
Process total time: 413.099
Avg number colors: 62
Colors per iteration:
iter 0: 14571 29223 43851 58470 73246 88226 103223 118252 133143 148065 162914 177655 192301 206908 221647 236593 251587 266724 281919 297228 312642 327910 343103 358139 372968 387361 401279 414559 427097 438754 449431 458970 467396 474647 480862 486104 490448 494029 496811 498989 500681 501931 502841 503493 503930 504227 504440 504575 504662 504723 504773 504804 504824 504835 504841 504845 504847 504848 504849 504850 504851 504852 504853 504854 504855
iter 1: 14571 29223 43851 58470 73246 88226 103223 118252 133143 148065 162914 177655 192301 206908 221647 236593 251587 266724 281919 297228 312642 327910 343103 358139 372968 387361 401279 414559 427097 438754 449431 458970 467396 474647 480862 486104 490448 494029 496811 498989 500681 501931 502841 503493 503930 504227 504440 504575 504662 504723 504773 504804 504824 504835 504841 504845 504847 504848 504849 504850 504851 504852 504853 504854 504855
iter 2: 14571 29223 43851 58470 73246 88226 103223 118252 133143 148065 162914 177655 192301 206908 221647 236593 251587 266724 281919 297228 312642 327910 343103 358139 372968 387361 401279 414559 427097 438754 449431 458970 467396 474647 480862 486104 490448 494029 496811 498989 500681 501931 502841 503493 503930 504227 504440 504575 504662 504723 504773 504804 504824 504835 504841 504845 504847 504848 504849 504850 504851 504852 504853 504854 504855
iter 3: 14571 29223 43851 58470 73246 88226 103223 118252 133143 148065 162914 177655 192301 206908 221647 236593 251587 266724 281919 297228 312642 327910 343103 358139 372968 387361 401279 414559 427097 438754 449431 458970 467396 474647 480862 486104 490448 494029 496811 498989 500681 501931 502841 503493 503930 504227 504440 504575 504662 504723 504773 504804 504824 504835 504841 504845 504847 504848 504849 504850 504851 504852 504853 504854 504855
iter 4: 14571 29223 43851 58470 73246 88226 103223 118252 133143 148065 162914 177655 192301 206908 221647 236593 251587 266724 281919 297228 312642 327910 343103 358139 372968 387361 401279 414559 427097 438754 449431 458970 467396 474647 480862 486104 490448 494029 496811 498989 500681 501931 502841 503493 503930 504227 504440 504575 504662 504723 504773 504804 504824 504835 504841 504845 504847 504848 504849 504850 504851 504852 504853 504854 504855
iter 5: 14571 29223 43851 58470 73246 88226 103223 118252 133143 148065 162914 177655 192301 206908 221647 236593 251587 266724 281919 297228 312642 327910 343103 358139 372968 387361 401279 414559 427097 438754 449431 458970 467396 474647 480862 486104 490448 494029 496811 498989 500681 501931 502841 503493 503930 504227 504440 504575 504662 504723 504773 504804 504824 504835 504841 504845 504847 504848 504849 504850 504851 504852 504853 504854 504855
iter 6: 14571 29223 43851 58470 73246 88226 103223 118252 133143 148065 162914 177655 192301 206908 221647 236593 251587 266724 281919 297228 312642 327910 343103 358139 372968 387361 401279 414559 427097 438754 449431 458970 467396 474647 480862 486104 490448 494029 496811 498989 500681 501931 502841 503493 503930 504227 504440 504575 504662 504723 504773 504804 504824 504835 504841 504845 504847 504848 504849 504850 504851 504852 504853 504854 504855
iter 7: 14571 29223 43851 58470 73246 88226 103223 118252 133143 148065 162914 177655 192301 206908 221647 236593 251587 266724 281919 297228 312642 327910 343103 358139 372968 387361 401279 414559 427097 438754 449431 458970 467396 474647 480862 486104 490448 494029 496811 498989 500681 501931 502841 503493 503930 504227 504440 504575 504662 504723 504773 504804 504824 504835 504841 504845 504847 504848 504849 504850 504851 504852 504853 504854 504855
iter 8: 14523 29044 43607 58290 73030 87965 102899 117874 132889 147839 162576 177220 191885 206588 221346 236276 251288 266496 281764 297034 312342 327646 342880 357989 372730 387114 401015 414251 426838 438582 449311 459027 467636 475060 481366 486646 491031 494483 497220 499293 500888 502060 502933 503552 503990 504285 504490 504615 504700 504755 504791 504814 504829 504840 504846 504850 504852 504853 504854 504855
iter 9: 14523 29044 43607 58290 73030 87965 102899 117874 132889 147839 162576 177220 191885 206588 221346 236276 251288 266496 281764 297034 312342 327646 342880 357989 372730 387114 401015 414251 426838 438582 449311 459027 467636 475060 481366 486646 491031 494483 497220 499293 500888 502060 502933 503552 503990 504285 504490 504615 504700 504755 504791 504814 504829 504840 504846 504850 504852 504853 504854 504855
iter 10: 14523 29044 43607 58290 73030 87965 102899 117874 132889 147839 162576 177220 191885 206588 221346 236276 251288 266496 281764 297034 312342 327646 342880 357989 372730 387114 401015 414251 426838 438582 449311 459027 467636 475060 481366 486646 491031 494483 497220 499293 500888 502060 502933 503552 503990 504285 504490 504615 504700 504755 504791 504814 504829 504840 504846 504850 504852 504853 504854 504855
iter 11: 14523 29044 43607 58290 73030 87965 102899 117874 132889 147839 162576 177220 191885 206588 221346 236276 251288 266496 281764 297034 312342 327646 342880 357989 372730 387114 401015 414251 426838 438582 449311 459027 467636 475060 481366 486646 491031 494483 497220 499293 500888 502060 502933 503552 503990 504285 504490 504615 504700 504755 504791 504814 504829 504840 504846 504850 504852 504853 504854 504855
iter 12: 14523 29044 43607 58290 73030 87965 102899 117874 132889 147839 162576 177220 191885 206588 221346 236276 251288 266496 281764 297034 312342 327646 342880 357989 372730 387114 401015 414251 426838 438582 449311 459027 467636 475060 481366 486646 491031 494483 497220 499293 500888 502060 502933 503552 503990 504285 504490 504615 504700 504755 504791 504814 504829 504840 504846 504850 504852 504853 504854 504855
iter 13: 14523 29044 43607 58290 73030 87965 102899 117874 132889 147839 162576 177220 191885 206588 221346 236276 251288 266496 281764 297034 312342 327646 342880 357989 372730 387114 401015 414251 426838 438582 449311 459027 467636 475060 481366 486646 491031 494483 497220 499293 500888 502060 502933 503552 503990 504285 504490 504615 504700 504755 504791 504814 504829 504840 504846 504850 504852 504853 504854 504855
iter 14: 14523 29044 43607 58290 73030 87965 102899 117874 132889 147839 162576 177220 191885 206588 221346 236276 251288 266496 281764 297034 312342 327646 342880 357989 372730 387114 401015 414251 426838 438582 449311 459027 467636 475060 481366 486646 491031 494483 497220 499293 500888 502060 502933 503552 503990 504285 504490 504615 504700 504755 504791 504814 504829 504840 504846 504850 504852 504853 504854 504855
iter 15: 14523 29044 43607 58290 73030 87965 102899 117874 132889 147839 162576 177220 191885 206588 221346 236276 251288 266496 281764 297034 312342 327646 342880 357989 372730 387114 401015 414251 426838 438582 449311 459027 467636 475060 481366 486646 491031 494483 497220 499293 500888 502060 502933 503552 503990 504285 504490 504615 504700 504755 504791 504814 504829 504840 504846 504850 504852 504853 504854 504855
iter 16: 14523 29044 43607 58290 73030 87965 102899 117874 132889 147839 162576 177220 191885 206588 221346 236276 251288 266496 281764 297034 312342 327646 342880 357989 372730 387114 401015 414251 426838 438582 449311 459027 467636 475060 481366 486646 491031 494483 497220 499293 500888 502060 502933 503552 503990 504285 504490 504615 504700 504755 504791 504814 504829 504840 504846 504850 504852 504853 504854 504855
iter 17: 14523 29044 43607 58290 73030 87965 102899 117874 132889 147839 162576 177220 191885 206588 221346 236276 251288 266496 281764 297034 312342 327646 342880 357989 372730 387114 401015 414251 426838 438582 449311 459027 467636 475060 481366 486646 491031 494483 497220 499293 500888 502060 502933 503552 503990 504285 504490 504615 504700 504755 504791 504814 504829 504840 504846 504850 504852 504853 504854 504855
iter 18: 14523 29044 43607 58290 73030 87965 102899 117874 132889 147839 162576 177220 191885 206588 221346 236276 251288 266496 281764 297034 312342 327646 342880 357989 372730 387114 401015 414251 426838 438582 449311 459027 467636 475060 481366 486646 491031 494483 497220 499293 500888 502060 502933 503552 503990 504285 504490 504615 504700 504755 504791 504814 504829 504840 504846 504850 504852 504853 504854 504855
iter 19: 14523 29044 43607 58290 73030 87965 102899 117874 132889 147839 162576 177220 191885 206588 221346 236276 251288 266496 281764 297034 312342 327646 342880 357989 372730 387114 401015 414251 426838 438582 449311 459027 467636 475060 481366 486646 491031 494483 497220 499293 500888 502060 502933 503552 503990 504285 504490 504615 504700 504755 504791 504814 504829 504840 504846 504850 504852 504853 504854 504855

Test time [ms]:275.467
Program duration [ms]: 1566.78