Graph Coloring - v1.0.0
Graph Representation: Compressed Sparse Row
Coloring Algorithm: Parallel Jones-Plassmann (CUDA) 

Loading graph from /home/cardone/Desktop/graphs/gra/atmosmodd.gra
Graph succesfully loaded from file.
V: 1270432, E: 7544448, maxD: 6, minD: 3, avgD: 5.93849
Init time [ms]: 331.721
========================================================
1	num-cols: 18 	========================================================
2	num-cols: 18 	========================================================
3	num-cols: 18 	========================================================
4	num-cols: 18 	========================================================
5	num-cols: 18 	========================================================
6	num-cols: 18 	========================================================
7	num-cols: 18 	========================================================
8	num-cols: 18 	========================================================
9	num-cols: 18 	========================================================
10	num-cols: 18 	========================================================
11	num-cols: 18 	========================================================
12	num-cols: 18 	========================================================
13	num-cols: 18 	========================================================
14	num-cols: 18 	========================================================
15	num-cols: 18 	========================================================
16	num-cols: 18 	========================================================
17	num-cols: 18 	========================================================
18	num-cols: 18 	========================================================
19	num-cols: 18 	========================================================
20	num-cols: 18 	========================================================
Timings [ms]
Avg random vector initialization time: 6.69165
Avg allocation time: 0.296
Avg upload time: 3.53005
Avg process time: 3.07185
Avg download time: 0.5184
Avg total time: 7.4163
Inner total time (start to end function): 238.73
Reset total time: 133.833
Process total time: 148.326
Avg number colors: 18
Colors per iteration:
iter 0: 183544 381491 571949 750165 907421 1036497 1132466 1196662 1234897 1255116 1264556 1268433 1269816 1270254 1270390 1270423 1270430 1270432
iter 1: 183544 381491 571949 750165 907421 1036497 1132466 1196662 1234897 1255116 1264556 1268433 1269816 1270254 1270390 1270423 1270430 1270432
iter 2: 183544 381491 571949 750165 907421 1036497 1132466 1196662 1234897 1255116 1264556 1268433 1269816 1270254 1270390 1270423 1270430 1270432
iter 3: 183544 381491 571949 750165 907421 1036497 1132466 1196662 1234897 1255116 1264556 1268433 1269816 1270254 1270390 1270423 1270430 1270432
iter 4: 183544 381491 571949 750165 907421 1036497 1132466 1196662 1234897 1255116 1264556 1268433 1269816 1270254 1270390 1270423 1270430 1270432
iter 5: 183544 381491 571949 750165 907421 1036497 1132466 1196662 1234897 1255116 1264556 1268433 1269816 1270254 1270390 1270423 1270430 1270432
iter 6: 183544 381491 571949 750165 907421 1036497 1132466 1196662 1234897 1255116 1264556 1268433 1269816 1270254 1270390 1270423 1270430 1270432
iter 7: 183544 381491 571949 750165 907421 1036497 1132466 1196662 1234897 1255116 1264556 1268433 1269816 1270254 1270390 1270423 1270430 1270432
iter 8: 183544 381491 571949 750165 907421 1036497 1132466 1196662 1234897 1255116 1264556 1268433 1269816 1270254 1270390 1270423 1270430 1270432
iter 9: 183544 381491 571949 750165 907421 1036497 1132466 1196662 1234897 1255116 1264556 1268433 1269816 1270254 1270390 1270423 1270430 1270432
iter 10: 183544 381491 571949 750165 907421 1036497 1132466 1196662 1234897 1255116 1264556 1268433 1269816 1270254 1270390 1270423 1270430 1270432
iter 11: 183544 381491 571949 750165 907421 1036497 1132466 1196662 1234897 1255116 1264556 1268433 1269816 1270254 1270390 1270423 1270430 1270432
iter 12: 183544 381491 571949 750165 907421 1036497 1132466 1196662 1234897 1255116 1264556 1268433 1269816 1270254 1270390 1270423 1270430 1270432
iter 13: 183544 381491 571949 750165 907421 1036497 1132466 1196662 1234897 1255116 1264556 1268433 1269816 1270254 1270390 1270423 1270430 1270432
iter 14: 183544 381491 571949 750165 907421 1036497 1132466 1196662 1234897 1255116 1264556 1268433 1269816 1270254 1270390 1270423 1270430 1270432
iter 15: 183544 381491 571949 750165 907421 1036497 1132466 1196662 1234897 1255116 1264556 1268433 1269816 1270254 1270390 1270423 1270430 1270432
iter 16: 183544 381491 571949 750165 907421 1036497 1132466 1196662 1234897 1255116 1264556 1268433 1269816 1270254 1270390 1270423 1270430 1270432
iter 17: 183544 381491 571949 750165 907421 1036497 1132466 1196662 1234897 1255116 1264556 1268433 1269816 1270254 1270390 1270423 1270430 1270432
iter 18: 183544 381491 571949 750165 907421 1036497 1132466 1196662 1234897 1255116 1264556 1268433 1269816 1270254 1270390 1270423 1270430 1270432
iter 19: 183544 381491 571949 750165 907421 1036497 1132466 1196662 1234897 1255116 1264556 1268433 1269816 1270254 1270390 1270423 1270430 1270432

Test time [ms]:218.453
Program duration [ms]: 1076.94