Graph Coloring - v1.0.0
Graph Representation: Compressed Sparse Row
Coloring Algorithm: Parallel Jones-Plassmann (CUDA) 

Loading graph from /home/cardone/Desktop/graphs/gra/apache2.gra
Graph succesfully loaded from file.
V: 715176, E: 2986244, maxD: 6, minD: 0, avgD: 4.17554
Init time [ms]: 143.2
========================================================
1	num-cols: 16 	========================================================
2	num-cols: 16 	========================================================
3	num-cols: 16 	========================================================
4	num-cols: 16 	========================================================
5	num-cols: 16 	========================================================
6	num-cols: 16 	========================================================
7	num-cols: 16 	========================================================
8	num-cols: 16 	========================================================
9	num-cols: 16 	========================================================
10	num-cols: 16 	========================================================
11	num-cols: 16 	========================================================
12	num-cols: 18 	========================================================
13	num-cols: 18 	========================================================
14	num-cols: 18 	========================================================
15	num-cols: 18 	========================================================
16	num-cols: 18 	========================================================
17	num-cols: 18 	========================================================
18	num-cols: 18 	========================================================
19	num-cols: 18 	========================================================
20	num-cols: 18 	========================================================
Timings [ms]
Avg random vector initialization time: 3.76645
Avg allocation time: 0.2507
Avg upload time: 1.58275
Avg process time: 2.15555
Avg download time: 0.3222
Avg total time: 4.3112
Inner total time (start to end function): 166.89
Reset total time: 75.329
Process total time: 86.224
Avg number colors: 17
Colors per iteration:
iter 0: 271843 356010 436464 510898 575358 626897 664429 688729 702778 709933 713205 714505 714969 715120 715165 715176
iter 1: 271843 356010 436464 510898 575358 626897 664429 688729 702778 709933 713205 714505 714969 715120 715165 715176
iter 2: 271843 356010 436464 510898 575358 626897 664429 688729 702778 709933 713205 714505 714969 715120 715165 715176
iter 3: 271843 356010 436464 510898 575358 626897 664429 688729 702778 709933 713205 714505 714969 715120 715165 715176
iter 4: 271843 356010 436464 510898 575358 626897 664429 688729 702778 709933 713205 714505 714969 715120 715165 715176
iter 5: 271843 356010 436464 510898 575358 626897 664429 688729 702778 709933 713205 714505 714969 715120 715165 715176
iter 6: 271843 356010 436464 510898 575358 626897 664429 688729 702778 709933 713205 714505 714969 715120 715165 715176
iter 7: 271843 356010 436464 510898 575358 626897 664429 688729 702778 709933 713205 714505 714969 715120 715165 715176
iter 8: 271843 356010 436464 510898 575358 626897 664429 688729 702778 709933 713205 714505 714969 715120 715165 715176
iter 9: 271843 356010 436464 510898 575358 626897 664429 688729 702778 709933 713205 714505 714969 715120 715165 715176
iter 10: 271843 356010 436464 510898 575358 626897 664429 688729 702778 709933 713205 714505 714969 715120 715165 715176
iter 11: 271935 356164 436651 511045 575300 626692 664043 688391 702409 709716 713088 714465 714950 715117 715159 715172 715175 715176
iter 12: 271935 356164 436651 511045 575300 626692 664043 688391 702409 709716 713088 714465 714950 715117 715159 715172 715175 715176
iter 13: 271935 356164 436651 511045 575300 626692 664043 688391 702409 709716 713088 714465 714950 715117 715159 715172 715175 715176
iter 14: 271935 356164 436651 511045 575300 626692 664043 688391 702409 709716 713088 714465 714950 715117 715159 715172 715175 715176
iter 15: 271935 356164 436651 511045 575300 626692 664043 688391 702409 709716 713088 714465 714950 715117 715159 715172 715175 715176
iter 16: 271935 356164 436651 511045 575300 626692 664043 688391 702409 709716 713088 714465 714950 715117 715159 715172 715175 715176
iter 17: 271935 356164 436651 511045 575300 626692 664043 688391 702409 709716 713088 714465 714950 715117 715159 715172 715175 715176
iter 18: 271935 356164 436651 511045 575300 626692 664043 688391 702409 709716 713088 714465 714950 715117 715159 715172 715175 715176
iter 19: 271935 356164 436651 511045 575300 626692 664043 688391 702409 709716 713088 714465 714950 715117 715159 715172 715175 715176

Test time [ms]:100.444
Program duration [ms]: 565.926