Graph Coloring - v1.0.0
Graph Representation: Compressed Sparse Row
Coloring Algorithm: Parallel Jones-Plassmann (CUDA) 

Loading graph from /home/cardone/Desktop/graphs/gra/rgg_n_2_18_s0.gra
Graph succesfully loaded from file.
V: 262144, E: 3094566, maxD: 31, minD: 0, avgD: 11.8048
Init time [ms]: 119.07
========================================================
1	num-cols: 25 	========================================================
2	num-cols: 25 	========================================================
3	num-cols: 25 	========================================================
4	num-cols: 25 	========================================================
5	num-cols: 25 	========================================================
6	num-cols: 25 	========================================================
7	num-cols: 25 	========================================================
8	num-cols: 25 	========================================================
9	num-cols: 25 	========================================================
10	num-cols: 25 	========================================================
11	num-cols: 25 	========================================================
12	num-cols: 25 	========================================================
13	num-cols: 25 	========================================================
14	num-cols: 25 	========================================================
15	num-cols: 25 	========================================================
16	num-cols: 25 	========================================================
17	num-cols: 25 	========================================================
18	num-cols: 25 	========================================================
19	num-cols: 25 	========================================================
20	num-cols: 25 	========================================================
Timings [ms]
Avg random vector initialization time: 1.39005
Avg allocation time: 0.25455
Avg upload time: 1.3043
Avg process time: 1.54495
Avg download time: 0.16765
Avg total time: 3.27145
Inner total time (start to end function): 125.348
Reset total time: 27.801
Process total time: 65.429
Avg number colors: 25
Colors per iteration:
iter 0: 22265 44375 66366 88209 109773 130957 151605 171456 190144 207234 222158 234465 244029 251093 255860 258792 260470 261348 261773 261970 262067 262111 262134 262141 262144
iter 1: 22265 44375 66366 88209 109773 130957 151605 171456 190144 207234 222158 234465 244029 251093 255860 258792 260470 261348 261773 261970 262067 262111 262134 262141 262144
iter 2: 22265 44375 66366 88209 109773 130957 151605 171456 190144 207234 222158 234465 244029 251093 255860 258792 260470 261348 261773 261970 262067 262111 262134 262141 262144
iter 3: 22265 44375 66366 88209 109773 130957 151605 171456 190144 207234 222158 234465 244029 251093 255860 258792 260470 261348 261773 261970 262067 262111 262134 262141 262144
iter 4: 22265 44375 66366 88209 109773 130957 151605 171456 190144 207234 222158 234465 244029 251093 255860 258792 260470 261348 261773 261970 262067 262111 262134 262141 262144
iter 5: 22265 44375 66366 88209 109773 130957 151605 171456 190144 207234 222158 234465 244029 251093 255860 258792 260470 261348 261773 261970 262067 262111 262134 262141 262144
iter 6: 22265 44375 66366 88209 109773 130957 151605 171456 190144 207234 222158 234465 244029 251093 255860 258792 260470 261348 261773 261970 262067 262111 262134 262141 262144
iter 7: 22265 44375 66366 88209 109773 130957 151605 171456 190144 207234 222158 234465 244029 251093 255860 258792 260470 261348 261773 261970 262067 262111 262134 262141 262144
iter 8: 22265 44375 66366 88209 109773 130957 151605 171456 190144 207234 222158 234465 244029 251093 255860 258792 260470 261348 261773 261970 262067 262111 262134 262141 262144
iter 9: 22265 44375 66366 88209 109773 130957 151605 171456 190144 207234 222158 234465 244029 251093 255860 258792 260470 261348 261773 261970 262067 262111 262134 262141 262144
iter 10: 22265 44375 66366 88209 109773 130957 151605 171456 190144 207234 222158 234465 244029 251093 255860 258792 260470 261348 261773 261970 262067 262111 262134 262141 262144
iter 11: 22265 44375 66366 88209 109773 130957 151605 171456 190144 207234 222158 234465 244029 251093 255860 258792 260470 261348 261773 261970 262067 262111 262134 262141 262144
iter 12: 22265 44375 66366 88209 109773 130957 151605 171456 190144 207234 222158 234465 244029 251093 255860 258792 260470 261348 261773 261970 262067 262111 262134 262141 262144
iter 13: 22265 44375 66366 88209 109773 130957 151605 171456 190144 207234 222158 234465 244029 251093 255860 258792 260470 261348 261773 261970 262067 262111 262134 262141 262144
iter 14: 22265 44375 66366 88209 109773 130957 151605 171456 190144 207234 222158 234465 244029 251093 255860 258792 260470 261348 261773 261970 262067 262111 262134 262141 262144
iter 15: 22265 44375 66366 88209 109773 130957 151605 171456 190144 207234 222158 234465 244029 251093 255860 258792 260470 261348 261773 261970 262067 262111 262134 262141 262144
iter 16: 22265 44375 66366 88209 109773 130957 151605 171456 190144 207234 222158 234465 244029 251093 255860 258792 260470 261348 261773 261970 262067 262111 262134 262141 262144
iter 17: 22265 44375 66366 88209 109773 130957 151605 171456 190144 207234 222158 234465 244029 251093 255860 258792 260470 261348 261773 261970 262067 262111 262134 262141 262144
iter 18: 22265 44375 66366 88209 109773 130957 151605 171456 190144 207234 222158 234465 244029 251093 255860 258792 260470 261348 261773 261970 262067 262111 262134 262141 262144
iter 19: 22265 44375 66366 88209 109773 130957 151605 171456 190144 207234 222158 234465 244029 251093 255860 258792 260470 261348 261773 261970 262067 262111 262134 262141 262144

Test time [ms]:98.06
Program duration [ms]: 439.495