Graph Coloring - v1.0.0
Graph Representation: Compressed Sparse Row
Coloring Algorithm: Parallel Jones-Plassmann (CUDA) Min-Max Independent Sets

Loading graph from /home/cardone/Desktop/graphs/gra/qg.order100.gra
Graph succesfully loaded from file.
V: 10000, E: 1980000, maxD: 198, minD: 198, avgD: 198
Init time [ms]: 60.959
========================================================
1	num-cols: 244 	========================================================
2	num-cols: 244 	========================================================
3	num-cols: 225 	========================================================
4	num-cols: 225 	========================================================
5	num-cols: 225 	========================================================
6	num-cols: 225 	========================================================
7	num-cols: 225 	========================================================
8	num-cols: 225 	========================================================
9	num-cols: 225 	========================================================
10	num-cols: 225 	========================================================
11	num-cols: 225 	========================================================
12	num-cols: 225 	========================================================
13	num-cols: 225 	========================================================
14	num-cols: 225 	========================================================
15	num-cols: 225 	========================================================
16	num-cols: 225 	========================================================
17	num-cols: 225 	========================================================
18	num-cols: 225 	========================================================
19	num-cols: 225 	========================================================
20	num-cols: 225 	========================================================
Timings [ms]
Avg random vector initialization time: 0.0502
Avg allocation time: 0.2571
Avg upload time: 0.71615
Avg process time: 10.8467
Avg download time: 0.0106
Avg total time: 11.8305
Inner total time (start to end function): 299.615
Reset total time: 1.004
Process total time: 236.611
Avg number colors: 227
Colors per iteration:
iter 0: 98 195 291 389 486 581 675 771 866 965 1063 1161 1261 1361 1462 1560 1653 1743 1837 1931 2022 2115 2207 2299 2394 2490 2584 2679 2774 2870 2964 3058 3154 3252 3349 3442 3538 3635 3733 3830 3924 4013 4102 4194 4284 4374 4463 4552 4639 4727 4817 4907 5001 5093 5187 5281 5374 5471 5568 5661 5754 5851 5950 6049 6149 6243 6335 6431 6528 6625 6720 6811 6904 6996 7085 7176 7274 7375 7472 7571 7672 7775 7874 7970 8060 8152 8247 8344 8444 8545 8643 8736 8828 8915 9005 9085 9168 9246 9322 9396 9460 9524 9579 9628 9679 9724 9765 9804 9835 9862 9887 9908 9925 9943 9956 9968 9979 9986 9991 9995 9998 10000
iter 1: 98 195 291 389 486 581 675 771 866 965 1063 1161 1261 1361 1462 1560 1653 1743 1837 1931 2022 2115 2207 2299 2394 2490 2584 2679 2774 2870 2964 3058 3154 3252 3349 3442 3538 3635 3733 3830 3924 4013 4102 4194 4284 4374 4463 4552 4639 4727 4817 4907 5001 5093 5187 5281 5374 5471 5568 5661 5754 5851 5950 6049 6149 6243 6335 6431 6528 6625 6720 6811 6904 6996 7085 7176 7274 7375 7472 7571 7672 7775 7874 7970 8060 8152 8247 8344 8444 8545 8643 8736 8828 8915 9005 9085 9168 9246 9322 9396 9460 9524 9579 9628 9679 9724 9765 9804 9835 9862 9887 9908 9925 9943 9956 9968 9979 9986 9991 9995 9998 10000
iter 2: 102 207 308 412 521 629 737 842 949 1057 1168 1278 1385 1491 1597 1702 1807 1915 2024 2130 2232 2336 2441 2542 2648 2757 2869 2978 3088 3200 3312 3422 3528 3634 3737 3845 3952 4061 4167 4274 4381 4489 4597 4707 4815 4915 5016 5117 5219 5320 5422 5530 5634 5739 5842 5946 6054 6162 6268 6376 6485 6588 6689 6788 6886 6979 7073 7169 7260 7347 7434 7527 7620 7710 7802 7893 7981 8074 8170 8261 8353 8437 8521 8601 8684 8768 8845 8927 9007 9076 9146 9213 9283 9350 9417 9478 9530 9583 9632 9677 9718 9760 9801 9840 9873 9903 9934 9957 9971 9985 9996 9999 10000
iter 3: 102 207 308 412 521 629 737 842 949 1057 1168 1278 1385 1491 1597 1702 1807 1915 2024 2130 2232 2336 2441 2542 2648 2757 2869 2978 3088 3200 3312 3422 3528 3634 3737 3845 3952 4061 4167 4274 4381 4489 4597 4707 4815 4915 5016 5117 5219 5320 5422 5530 5634 5739 5842 5946 6054 6162 6268 6376 6485 6588 6689 6788 6886 6979 7073 7169 7260 7347 7434 7527 7620 7710 7802 7893 7981 8074 8170 8261 8353 8437 8521 8601 8684 8768 8845 8927 9007 9076 9146 9213 9283 9350 9417 9478 9530 9583 9632 9677 9718 9760 9801 9840 9873 9903 9934 9957 9971 9985 9996 9999 10000
iter 4: 102 207 308 412 521 629 737 842 949 1057 1168 1278 1385 1491 1597 1702 1807 1915 2024 2130 2232 2336 2441 2542 2648 2757 2869 2978 3088 3200 3312 3422 3528 3634 3737 3845 3952 4061 4167 4274 4381 4489 4597 4707 4815 4915 5016 5117 5219 5320 5422 5530 5634 5739 5842 5946 6054 6162 6268 6376 6485 6588 6689 6788 6886 6979 7073 7169 7260 7347 7434 7527 7620 7710 7802 7893 7981 8074 8170 8261 8353 8437 8521 8601 8684 8768 8845 8927 9007 9076 9146 9213 9283 9350 9417 9478 9530 9583 9632 9677 9718 9760 9801 9840 9873 9903 9934 9957 9971 9985 9996 9999 10000
iter 5: 102 207 308 412 521 629 737 842 949 1057 1168 1278 1385 1491 1597 1702 1807 1915 2024 2130 2232 2336 2441 2542 2648 2757 2869 2978 3088 3200 3312 3422 3528 3634 3737 3845 3952 4061 4167 4274 4381 4489 4597 4707 4815 4915 5016 5117 5219 5320 5422 5530 5634 5739 5842 5946 6054 6162 6268 6376 6485 6588 6689 6788 6886 6979 7073 7169 7260 7347 7434 7527 7620 7710 7802 7893 7981 8074 8170 8261 8353 8437 8521 8601 8684 8768 8845 8927 9007 9076 9146 9213 9283 9350 9417 9478 9530 9583 9632 9677 9718 9760 9801 9840 9873 9903 9934 9957 9971 9985 9996 9999 10000
iter 6: 102 207 308 412 521 629 737 842 949 1057 1168 1278 1385 1491 1597 1702 1807 1915 2024 2130 2232 2336 2441 2542 2648 2757 2869 2978 3088 3200 3312 3422 3528 3634 3737 3845 3952 4061 4167 4274 4381 4489 4597 4707 4815 4915 5016 5117 5219 5320 5422 5530 5634 5739 5842 5946 6054 6162 6268 6376 6485 6588 6689 6788 6886 6979 7073 7169 7260 7347 7434 7527 7620 7710 7802 7893 7981 8074 8170 8261 8353 8437 8521 8601 8684 8768 8845 8927 9007 9076 9146 9213 9283 9350 9417 9478 9530 9583 9632 9677 9718 9760 9801 9840 9873 9903 9934 9957 9971 9985 9996 9999 10000
iter 7: 102 207 308 412 521 629 737 842 949 1057 1168 1278 1385 1491 1597 1702 1807 1915 2024 2130 2232 2336 2441 2542 2648 2757 2869 2978 3088 3200 3312 3422 3528 3634 3737 3845 3952 4061 4167 4274 4381 4489 4597 4707 4815 4915 5016 5117 5219 5320 5422 5530 5634 5739 5842 5946 6054 6162 6268 6376 6485 6588 6689 6788 6886 6979 7073 7169 7260 7347 7434 7527 7620 7710 7802 7893 7981 8074 8170 8261 8353 8437 8521 8601 8684 8768 8845 8927 9007 9076 9146 9213 9283 9350 9417 9478 9530 9583 9632 9677 9718 9760 9801 9840 9873 9903 9934 9957 9971 9985 9996 9999 10000
iter 8: 102 207 308 412 521 629 737 842 949 1057 1168 1278 1385 1491 1597 1702 1807 1915 2024 2130 2232 2336 2441 2542 2648 2757 2869 2978 3088 3200 3312 3422 3528 3634 3737 3845 3952 4061 4167 4274 4381 4489 4597 4707 4815 4915 5016 5117 5219 5320 5422 5530 5634 5739 5842 5946 6054 6162 6268 6376 6485 6588 6689 6788 6886 6979 7073 7169 7260 7347 7434 7527 7620 7710 7802 7893 7981 8074 8170 8261 8353 8437 8521 8601 8684 8768 8845 8927 9007 9076 9146 9213 9283 9350 9417 9478 9530 9583 9632 9677 9718 9760 9801 9840 9873 9903 9934 9957 9971 9985 9996 9999 10000
iter 9: 102 207 308 412 521 629 737 842 949 1057 1168 1278 1385 1491 1597 1702 1807 1915 2024 2130 2232 2336 2441 2542 2648 2757 2869 2978 3088 3200 3312 3422 3528 3634 3737 3845 3952 4061 4167 4274 4381 4489 4597 4707 4815 4915 5016 5117 5219 5320 5422 5530 5634 5739 5842 5946 6054 6162 6268 6376 6485 6588 6689 6788 6886 6979 7073 7169 7260 7347 7434 7527 7620 7710 7802 7893 7981 8074 8170 8261 8353 8437 8521 8601 8684 8768 8845 8927 9007 9076 9146 9213 9283 9350 9417 9478 9530 9583 9632 9677 9718 9760 9801 9840 9873 9903 9934 9957 9971 9985 9996 9999 10000
iter 10: 102 207 308 412 521 629 737 842 949 1057 1168 1278 1385 1491 1597 1702 1807 1915 2024 2130 2232 2336 2441 2542 2648 2757 2869 2978 3088 3200 3312 3422 3528 3634 3737 3845 3952 4061 4167 4274 4381 4489 4597 4707 4815 4915 5016 5117 5219 5320 5422 5530 5634 5739 5842 5946 6054 6162 6268 6376 6485 6588 6689 6788 6886 6979 7073 7169 7260 7347 7434 7527 7620 7710 7802 7893 7981 8074 8170 8261 8353 8437 8521 8601 8684 8768 8845 8927 9007 9076 9146 9213 9283 9350 9417 9478 9530 9583 9632 9677 9718 9760 9801 9840 9873 9903 9934 9957 9971 9985 9996 9999 10000
iter 11: 102 207 308 412 521 629 737 842 949 1057 1168 1278 1385 1491 1597 1702 1807 1915 2024 2130 2232 2336 2441 2542 2648 2757 2869 2978 3088 3200 3312 3422 3528 3634 3737 3845 3952 4061 4167 4274 4381 4489 4597 4707 4815 4915 5016 5117 5219 5320 5422 5530 5634 5739 5842 5946 6054 6162 6268 6376 6485 6588 6689 6788 6886 6979 7073 7169 7260 7347 7434 7527 7620 7710 7802 7893 7981 8074 8170 8261 8353 8437 8521 8601 8684 8768 8845 8927 9007 9076 9146 9213 9283 9350 9417 9478 9530 9583 9632 9677 9718 9760 9801 9840 9873 9903 9934 9957 9971 9985 9996 9999 10000
iter 12: 102 207 308 412 521 629 737 842 949 1057 1168 1278 1385 1491 1597 1702 1807 1915 2024 2130 2232 2336 2441 2542 2648 2757 2869 2978 3088 3200 3312 3422 3528 3634 3737 3845 3952 4061 4167 4274 4381 4489 4597 4707 4815 4915 5016 5117 5219 5320 5422 5530 5634 5739 5842 5946 6054 6162 6268 6376 6485 6588 6689 6788 6886 6979 7073 7169 7260 7347 7434 7527 7620 7710 7802 7893 7981 8074 8170 8261 8353 8437 8521 8601 8684 8768 8845 8927 9007 9076 9146 9213 9283 9350 9417 9478 9530 9583 9632 9677 9718 9760 9801 9840 9873 9903 9934 9957 9971 9985 9996 9999 10000
iter 13: 102 207 308 412 521 629 737 842 949 1057 1168 1278 1385 1491 1597 1702 1807 1915 2024 2130 2232 2336 2441 2542 2648 2757 2869 2978 3088 3200 3312 3422 3528 3634 3737 3845 3952 4061 4167 4274 4381 4489 4597 4707 4815 4915 5016 5117 5219 5320 5422 5530 5634 5739 5842 5946 6054 6162 6268 6376 6485 6588 6689 6788 6886 6979 7073 7169 7260 7347 7434 7527 7620 7710 7802 7893 7981 8074 8170 8261 8353 8437 8521 8601 8684 8768 8845 8927 9007 9076 9146 9213 9283 9350 9417 9478 9530 9583 9632 9677 9718 9760 9801 9840 9873 9903 9934 9957 9971 9985 9996 9999 10000
iter 14: 102 207 308 412 521 629 737 842 949 1057 1168 1278 1385 1491 1597 1702 1807 1915 2024 2130 2232 2336 2441 2542 2648 2757 2869 2978 3088 3200 3312 3422 3528 3634 3737 3845 3952 4061 4167 4274 4381 4489 4597 4707 4815 4915 5016 5117 5219 5320 5422 5530 5634 5739 5842 5946 6054 6162 6268 6376 6485 6588 6689 6788 6886 6979 7073 7169 7260 7347 7434 7527 7620 7710 7802 7893 7981 8074 8170 8261 8353 8437 8521 8601 8684 8768 8845 8927 9007 9076 9146 9213 9283 9350 9417 9478 9530 9583 9632 9677 9718 9760 9801 9840 9873 9903 9934 9957 9971 9985 9996 9999 10000
iter 15: 102 207 308 412 521 629 737 842 949 1057 1168 1278 1385 1491 1597 1702 1807 1915 2024 2130 2232 2336 2441 2542 2648 2757 2869 2978 3088 3200 3312 3422 3528 3634 3737 3845 3952 4061 4167 4274 4381 4489 4597 4707 4815 4915 5016 5117 5219 5320 5422 5530 5634 5739 5842 5946 6054 6162 6268 6376 6485 6588 6689 6788 6886 6979 7073 7169 7260 7347 7434 7527 7620 7710 7802 7893 7981 8074 8170 8261 8353 8437 8521 8601 8684 8768 8845 8927 9007 9076 9146 9213 9283 9350 9417 9478 9530 9583 9632 9677 9718 9760 9801 9840 9873 9903 9934 9957 9971 9985 9996 9999 10000
iter 16: 102 207 308 412 521 629 737 842 949 1057 1168 1278 1385 1491 1597 1702 1807 1915 2024 2130 2232 2336 2441 2542 2648 2757 2869 2978 3088 3200 3312 3422 3528 3634 3737 3845 3952 4061 4167 4274 4381 4489 4597 4707 4815 4915 5016 5117 5219 5320 5422 5530 5634 5739 5842 5946 6054 6162 6268 6376 6485 6588 6689 6788 6886 6979 7073 7169 7260 7347 7434 7527 7620 7710 7802 7893 7981 8074 8170 8261 8353 8437 8521 8601 8684 8768 8845 8927 9007 9076 9146 9213 9283 9350 9417 9478 9530 9583 9632 9677 9718 9760 9801 9840 9873 9903 9934 9957 9971 9985 9996 9999 10000
iter 17: 102 207 308 412 521 629 737 842 949 1057 1168 1278 1385 1491 1597 1702 1807 1915 2024 2130 2232 2336 2441 2542 2648 2757 2869 2978 3088 3200 3312 3422 3528 3634 3737 3845 3952 4061 4167 4274 4381 4489 4597 4707 4815 4915 5016 5117 5219 5320 5422 5530 5634 5739 5842 5946 6054 6162 6268 6376 6485 6588 6689 6788 6886 6979 7073 7169 7260 7347 7434 7527 7620 7710 7802 7893 7981 8074 8170 8261 8353 8437 8521 8601 8684 8768 8845 8927 9007 9076 9146 9213 9283 9350 9417 9478 9530 9583 9632 9677 9718 9760 9801 9840 9873 9903 9934 9957 9971 9985 9996 9999 10000
iter 18: 102 207 308 412 521 629 737 842 949 1057 1168 1278 1385 1491 1597 1702 1807 1915 2024 2130 2232 2336 2441 2542 2648 2757 2869 2978 3088 3200 3312 3422 3528 3634 3737 3845 3952 4061 4167 4274 4381 4489 4597 4707 4815 4915 5016 5117 5219 5320 5422 5530 5634 5739 5842 5946 6054 6162 6268 6376 6485 6588 6689 6788 6886 6979 7073 7169 7260 7347 7434 7527 7620 7710 7802 7893 7981 8074 8170 8261 8353 8437 8521 8601 8684 8768 8845 8927 9007 9076 9146 9213 9283 9350 9417 9478 9530 9583 9632 9677 9718 9760 9801 9840 9873 9903 9934 9957 9971 9985 9996 9999 10000
iter 19: 102 207 308 412 521 629 737 842 949 1057 1168 1278 1385 1491 1597 1702 1807 1915 2024 2130 2232 2336 2441 2542 2648 2757 2869 2978 3088 3200 3312 3422 3528 3634 3737 3845 3952 4061 4167 4274 4381 4489 4597 4707 4815 4915 5016 5117 5219 5320 5422 5530 5634 5739 5842 5946 6054 6162 6268 6376 6485 6588 6689 6788 6886 6979 7073 7169 7260 7347 7434 7527 7620 7710 7802 7893 7981 8074 8170 8261 8353 8437 8521 8601 8684 8768 8845 8927 9007 9076 9146 9213 9283 9350 9417 9478 9530 9583 9632 9677 9718 9760 9801 9840 9873 9903 9934 9957 9971 9985 9996 9999 10000

Test time [ms]:25.956
Program duration [ms]: 392.783