Graph Coloring - v1.0.0
Graph Representation: Compressed Sparse Row
Coloring Algorithm: Parallel Jones-Plassmann (CUDA) 

Loading graph from /home/cardone/Desktop/graphs/gra/qg.order100.gra
Graph succesfully loaded from file.
V: 10000, E: 1980000, maxD: 198, minD: 198, avgD: 198
Init time [ms]: 60.109
========================================================
1	num-cols: 285 	========================================================
2	num-cols: 285 	========================================================
3	num-cols: 285 	========================================================
4	num-cols: 285 	========================================================
5	num-cols: 285 	========================================================
6	num-cols: 285 	========================================================
7	num-cols: 285 	========================================================
8	num-cols: 285 	========================================================
9	num-cols: 285 	========================================================
10	num-cols: 285 	========================================================
11	num-cols: 285 	========================================================
12	num-cols: 285 	========================================================
13	num-cols: 285 	========================================================
14	num-cols: 285 	========================================================
15	num-cols: 285 	========================================================
16	num-cols: 285 	========================================================
17	num-cols: 285 	========================================================
18	num-cols: 285 	========================================================
19	num-cols: 285 	========================================================
20	num-cols: 285 	========================================================
Timings [ms]
Avg random vector initialization time: 0.0506
Avg allocation time: 0.2559
Avg upload time: 0.7227
Avg process time: 26.096
Avg download time: 0.0109
Avg total time: 27.0855
Inner total time (start to end function): 617.139
Reset total time: 1.012
Process total time: 541.709
Avg number colors: 285
Colors per iteration:
iter 0: 48 96 143 190 237 285 333 380 427 474 522 569 616 663 710 756 802 848 894 941 988 1035 1082 1129 1177 1225 1274 1324 1374 1424 1473 1523 1573 1623 1674 1725 1777 1829 1882 1937 1991 2045 2100 2155 2209 2266 2322 2379 2435 2491 2546 2602 2657 2712 2767 2821 2874 2927 2978 3029 3082 3135 3188 3243 3297 3352 3408 3463 3518 3575 3633 3690 3748 3805 3862 3918 3975 4031 4088 4146 4206 4267 4327 4387 4447 4507 4568 4628 4689 4750 4811 4872 4932 4990 5046 5101 5156 5212 5268 5323 5382 5442 5500 5556 5612 5668 5724 5779 5833 5887 5942 5999 6055 6111 6165 6217 6269 6321 6374 6427 6481 6534 6589 6643 6695 6748 6803 6860 6916 6971 7024 7076 7129 7181 7233 7282 7331 7380 7430 7478 7526 7574 7622 7668 7712 7757 7801 7847 7894 7938 7982 8028 8074 8119 8164 8206 8247 8289 8331 8372 8413 8454 8491 8528 8562 8597 8633 8669 8705 8739 8772 8805 8836 8868 8900 8928 8953 8980 9006 9031 9057 9079 9097 9115 9136 9157 9177 9198 9217 9238 9258 9276 9294 9312 9331 9350 9368 9386 9403 9420 9438 9455 9471 9488 9503 9519 9534 9548 9562 9576 9590 9604 9617 9630 9643 9656 9669 9682 9693 9705 9716 9727 9737 9747 9757 9767 9777 9788 9799 9808 9817 9826 9835 9843 9851 9858 9865 9871 9877 9883 9889 9895 9901 9906 9911 9916 9921 9925 9929 9933 9937 9940 9943 9946 9949 9952 9955 9958 9961 9963 9965 9967 9969 9971 9973 9975 9977 9979 9981 9983 9985 9987 9988 9989 9990 9991 9992 9993 9994 9995 9996 9997 9998 9999 10000
iter 1: 48 96 143 190 237 285 333 380 427 474 522 569 616 663 710 756 802 848 894 941 988 1035 1082 1129 1177 1225 1274 1324 1374 1424 1473 1523 1573 1623 1674 1725 1777 1829 1882 1937 1991 2045 2100 2155 2209 2266 2322 2379 2435 2491 2546 2602 2657 2712 2767 2821 2874 2927 2978 3029 3082 3135 3188 3243 3297 3352 3408 3463 3518 3575 3633 3690 3748 3805 3862 3918 3975 4031 4088 4146 4206 4267 4327 4387 4447 4507 4568 4628 4689 4750 4811 4872 4932 4990 5046 5101 5156 5212 5268 5323 5382 5442 5500 5556 5612 5668 5724 5779 5833 5887 5942 5999 6055 6111 6165 6217 6269 6321 6374 6427 6481 6534 6589 6643 6695 6748 6803 6860 6916 6971 7024 7076 7129 7181 7233 7282 7331 7380 7430 7478 7526 7574 7622 7668 7712 7757 7801 7847 7894 7938 7982 8028 8074 8119 8164 8206 8247 8289 8331 8372 8413 8454 8491 8528 8562 8597 8633 8669 8705 8739 8772 8805 8836 8868 8900 8928 8953 8980 9006 9031 9057 9079 9097 9115 9136 9157 9177 9198 9217 9238 9258 9276 9294 9312 9331 9350 9368 9386 9403 9420 9438 9455 9471 9488 9503 9519 9534 9548 9562 9576 9590 9604 9617 9630 9643 9656 9669 9682 9693 9705 9716 9727 9737 9747 9757 9767 9777 9788 9799 9808 9817 9826 9835 9843 9851 9858 9865 9871 9877 9883 9889 9895 9901 9906 9911 9916 9921 9925 9929 9933 9937 9940 9943 9946 9949 9952 9955 9958 9961 9963 9965 9967 9969 9971 9973 9975 9977 9979 9981 9983 9985 9987 9988 9989 9990 9991 9992 9993 9994 9995 9996 9997 9998 9999 10000
iter 2: 48 96 143 190 237 285 333 380 427 474 522 569 616 663 710 756 802 848 894 941 988 1035 1082 1129 1177 1225 1274 1324 1374 1424 1473 1523 1573 1623 1674 1725 1777 1829 1882 1937 1991 2045 2100 2155 2209 2266 2322 2379 2435 2491 2546 2602 2657 2712 2767 2821 2874 2927 2978 3029 3082 3135 3188 3243 3297 3352 3408 3463 3518 3575 3633 3690 3748 3805 3862 3918 3975 4031 4088 4146 4206 4267 4327 4387 4447 4507 4568 4628 4689 4750 4811 4872 4932 4990 5046 5101 5156 5212 5268 5323 5382 5442 5500 5556 5612 5668 5724 5779 5833 5887 5942 5999 6055 6111 6165 6217 6269 6321 6374 6427 6481 6534 6589 6643 6695 6748 6803 6860 6916 6971 7024 7076 7129 7181 7233 7282 7331 7380 7430 7478 7526 7574 7622 7668 7712 7757 7801 7847 7894 7938 7982 8028 8074 8119 8164 8206 8247 8289 8331 8372 8413 8454 8491 8528 8562 8597 8633 8669 8705 8739 8772 8805 8836 8868 8900 8928 8953 8980 9006 9031 9057 9079 9097 9115 9136 9157 9177 9198 9217 9238 9258 9276 9294 9312 9331 9350 9368 9386 9403 9420 9438 9455 9471 9488 9503 9519 9534 9548 9562 9576 9590 9604 9617 9630 9643 9656 9669 9682 9693 9705 9716 9727 9737 9747 9757 9767 9777 9788 9799 9808 9817 9826 9835 9843 9851 9858 9865 9871 9877 9883 9889 9895 9901 9906 9911 9916 9921 9925 9929 9933 9937 9940 9943 9946 9949 9952 9955 9958 9961 9963 9965 9967 9969 9971 9973 9975 9977 9979 9981 9983 9985 9987 9988 9989 9990 9991 9992 9993 9994 9995 9996 9997 9998 9999 10000
iter 3: 48 96 143 190 237 285 333 380 427 474 522 569 616 663 710 756 802 848 894 941 988 1035 1082 1129 1177 1225 1274 1324 1374 1424 1473 1523 1573 1623 1674 1725 1777 1829 1882 1937 1991 2045 2100 2155 2209 2266 2322 2379 2435 2491 2546 2602 2657 2712 2767 2821 2874 2927 2978 3029 3082 3135 3188 3243 3297 3352 3408 3463 3518 3575 3633 3690 3748 3805 3862 3918 3975 4031 4088 4146 4206 4267 4327 4387 4447 4507 4568 4628 4689 4750 4811 4872 4932 4990 5046 5101 5156 5212 5268 5323 5382 5442 5500 5556 5612 5668 5724 5779 5833 5887 5942 5999 6055 6111 6165 6217 6269 6321 6374 6427 6481 6534 6589 6643 6695 6748 6803 6860 6916 6971 7024 7076 7129 7181 7233 7282 7331 7380 7430 7478 7526 7574 7622 7668 7712 7757 7801 7847 7894 7938 7982 8028 8074 8119 8164 8206 8247 8289 8331 8372 8413 8454 8491 8528 8562 8597 8633 8669 8705 8739 8772 8805 8836 8868 8900 8928 8953 8980 9006 9031 9057 9079 9097 9115 9136 9157 9177 9198 9217 9238 9258 9276 9294 9312 9331 9350 9368 9386 9403 9420 9438 9455 9471 9488 9503 9519 9534 9548 9562 9576 9590 9604 9617 9630 9643 9656 9669 9682 9693 9705 9716 9727 9737 9747 9757 9767 9777 9788 9799 9808 9817 9826 9835 9843 9851 9858 9865 9871 9877 9883 9889 9895 9901 9906 9911 9916 9921 9925 9929 9933 9937 9940 9943 9946 9949 9952 9955 9958 9961 9963 9965 9967 9969 9971 9973 9975 9977 9979 9981 9983 9985 9987 9988 9989 9990 9991 9992 9993 9994 9995 9996 9997 9998 9999 10000
iter 4: 48 96 143 190 237 285 333 380 427 474 522 569 616 663 710 756 802 848 894 941 988 1035 1082 1129 1177 1225 1274 1324 1374 1424 1473 1523 1573 1623 1674 1725 1777 1829 1882 1937 1991 2045 2100 2155 2209 2266 2322 2379 2435 2491 2546 2602 2657 2712 2767 2821 2874 2927 2978 3029 3082 3135 3188 3243 3297 3352 3408 3463 3518 3575 3633 3690 3748 3805 3862 3918 3975 4031 4088 4146 4206 4267 4327 4387 4447 4507 4568 4628 4689 4750 4811 4872 4932 4990 5046 5101 5156 5212 5268 5323 5382 5442 5500 5556 5612 5668 5724 5779 5833 5887 5942 5999 6055 6111 6165 6217 6269 6321 6374 6427 6481 6534 6589 6643 6695 6748 6803 6860 6916 6971 7024 7076 7129 7181 7233 7282 7331 7380 7430 7478 7526 7574 7622 7668 7712 7757 7801 7847 7894 7938 7982 8028 8074 8119 8164 8206 8247 8289 8331 8372 8413 8454 8491 8528 8562 8597 8633 8669 8705 8739 8772 8805 8836 8868 8900 8928 8953 8980 9006 9031 9057 9079 9097 9115 9136 9157 9177 9198 9217 9238 9258 9276 9294 9312 9331 9350 9368 9386 9403 9420 9438 9455 9471 9488 9503 9519 9534 9548 9562 9576 9590 9604 9617 9630 9643 9656 9669 9682 9693 9705 9716 9727 9737 9747 9757 9767 9777 9788 9799 9808 9817 9826 9835 9843 9851 9858 9865 9871 9877 9883 9889 9895 9901 9906 9911 9916 9921 9925 9929 9933 9937 9940 9943 9946 9949 9952 9955 9958 9961 9963 9965 9967 9969 9971 9973 9975 9977 9979 9981 9983 9985 9987 9988 9989 9990 9991 9992 9993 9994 9995 9996 9997 9998 9999 10000
iter 5: 48 96 143 190 237 285 333 380 427 474 522 569 616 663 710 756 802 848 894 941 988 1035 1082 1129 1177 1225 1274 1324 1374 1424 1473 1523 1573 1623 1674 1725 1777 1829 1882 1937 1991 2045 2100 2155 2209 2266 2322 2379 2435 2491 2546 2602 2657 2712 2767 2821 2874 2927 2978 3029 3082 3135 3188 3243 3297 3352 3408 3463 3518 3575 3633 3690 3748 3805 3862 3918 3975 4031 4088 4146 4206 4267 4327 4387 4447 4507 4568 4628 4689 4750 4811 4872 4932 4990 5046 5101 5156 5212 5268 5323 5382 5442 5500 5556 5612 5668 5724 5779 5833 5887 5942 5999 6055 6111 6165 6217 6269 6321 6374 6427 6481 6534 6589 6643 6695 6748 6803 6860 6916 6971 7024 7076 7129 7181 7233 7282 7331 7380 7430 7478 7526 7574 7622 7668 7712 7757 7801 7847 7894 7938 7982 8028 8074 8119 8164 8206 8247 8289 8331 8372 8413 8454 8491 8528 8562 8597 8633 8669 8705 8739 8772 8805 8836 8868 8900 8928 8953 8980 9006 9031 9057 9079 9097 9115 9136 9157 9177 9198 9217 9238 9258 9276 9294 9312 9331 9350 9368 9386 9403 9420 9438 9455 9471 9488 9503 9519 9534 9548 9562 9576 9590 9604 9617 9630 9643 9656 9669 9682 9693 9705 9716 9727 9737 9747 9757 9767 9777 9788 9799 9808 9817 9826 9835 9843 9851 9858 9865 9871 9877 9883 9889 9895 9901 9906 9911 9916 9921 9925 9929 9933 9937 9940 9943 9946 9949 9952 9955 9958 9961 9963 9965 9967 9969 9971 9973 9975 9977 9979 9981 9983 9985 9987 9988 9989 9990 9991 9992 9993 9994 9995 9996 9997 9998 9999 10000
iter 6: 48 96 143 190 237 285 333 380 427 474 522 569 616 663 710 756 802 848 894 941 988 1035 1082 1129 1177 1225 1274 1324 1374 1424 1473 1523 1573 1623 1674 1725 1777 1829 1882 1937 1991 2045 2100 2155 2209 2266 2322 2379 2435 2491 2546 2602 2657 2712 2767 2821 2874 2927 2978 3029 3082 3135 3188 3243 3297 3352 3408 3463 3518 3575 3633 3690 3748 3805 3862 3918 3975 4031 4088 4146 4206 4267 4327 4387 4447 4507 4568 4628 4689 4750 4811 4872 4932 4990 5046 5101 5156 5212 5268 5323 5382 5442 5500 5556 5612 5668 5724 5779 5833 5887 5942 5999 6055 6111 6165 6217 6269 6321 6374 6427 6481 6534 6589 6643 6695 6748 6803 6860 6916 6971 7024 7076 7129 7181 7233 7282 7331 7380 7430 7478 7526 7574 7622 7668 7712 7757 7801 7847 7894 7938 7982 8028 8074 8119 8164 8206 8247 8289 8331 8372 8413 8454 8491 8528 8562 8597 8633 8669 8705 8739 8772 8805 8836 8868 8900 8928 8953 8980 9006 9031 9057 9079 9097 9115 9136 9157 9177 9198 9217 9238 9258 9276 9294 9312 9331 9350 9368 9386 9403 9420 9438 9455 9471 9488 9503 9519 9534 9548 9562 9576 9590 9604 9617 9630 9643 9656 9669 9682 9693 9705 9716 9727 9737 9747 9757 9767 9777 9788 9799 9808 9817 9826 9835 9843 9851 9858 9865 9871 9877 9883 9889 9895 9901 9906 9911 9916 9921 9925 9929 9933 9937 9940 9943 9946 9949 9952 9955 9958 9961 9963 9965 9967 9969 9971 9973 9975 9977 9979 9981 9983 9985 9987 9988 9989 9990 9991 9992 9993 9994 9995 9996 9997 9998 9999 10000
iter 7: 48 96 143 190 237 285 333 380 427 474 522 569 616 663 710 756 802 848 894 941 988 1035 1082 1129 1177 1225 1274 1324 1374 1424 1473 1523 1573 1623 1674 1725 1777 1829 1882 1937 1991 2045 2100 2155 2209 2266 2322 2379 2435 2491 2546 2602 2657 2712 2767 2821 2874 2927 2978 3029 3082 3135 3188 3243 3297 3352 3408 3463 3518 3575 3633 3690 3748 3805 3862 3918 3975 4031 4088 4146 4206 4267 4327 4387 4447 4507 4568 4628 4689 4750 4811 4872 4932 4990 5046 5101 5156 5212 5268 5323 5382 5442 5500 5556 5612 5668 5724 5779 5833 5887 5942 5999 6055 6111 6165 6217 6269 6321 6374 6427 6481 6534 6589 6643 6695 6748 6803 6860 6916 6971 7024 7076 7129 7181 7233 7282 7331 7380 7430 7478 7526 7574 7622 7668 7712 7757 7801 7847 7894 7938 7982 8028 8074 8119 8164 8206 8247 8289 8331 8372 8413 8454 8491 8528 8562 8597 8633 8669 8705 8739 8772 8805 8836 8868 8900 8928 8953 8980 9006 9031 9057 9079 9097 9115 9136 9157 9177 9198 9217 9238 9258 9276 9294 9312 9331 9350 9368 9386 9403 9420 9438 9455 9471 9488 9503 9519 9534 9548 9562 9576 9590 9604 9617 9630 9643 9656 9669 9682 9693 9705 9716 9727 9737 9747 9757 9767 9777 9788 9799 9808 9817 9826 9835 9843 9851 9858 9865 9871 9877 9883 9889 9895 9901 9906 9911 9916 9921 9925 9929 9933 9937 9940 9943 9946 9949 9952 9955 9958 9961 9963 9965 9967 9969 9971 9973 9975 9977 9979 9981 9983 9985 9987 9988 9989 9990 9991 9992 9993 9994 9995 9996 9997 9998 9999 10000
iter 8: 48 96 143 190 237 285 333 380 427 474 522 569 616 663 710 756 802 848 894 941 988 1035 1082 1129 1177 1225 1274 1324 1374 1424 1473 1523 1573 1623 1674 1725 1777 1829 1882 1937 1991 2045 2100 2155 2209 2266 2322 2379 2435 2491 2546 2602 2657 2712 2767 2821 2874 2927 2978 3029 3082 3135 3188 3243 3297 3352 3408 3463 3518 3575 3633 3690 3748 3805 3862 3918 3975 4031 4088 4146 4206 4267 4327 4387 4447 4507 4568 4628 4689 4750 4811 4872 4932 4990 5046 5101 5156 5212 5268 5323 5382 5442 5500 5556 5612 5668 5724 5779 5833 5887 5942 5999 6055 6111 6165 6217 6269 6321 6374 6427 6481 6534 6589 6643 6695 6748 6803 6860 6916 6971 7024 7076 7129 7181 7233 7282 7331 7380 7430 7478 7526 7574 7622 7668 7712 7757 7801 7847 7894 7938 7982 8028 8074 8119 8164 8206 8247 8289 8331 8372 8413 8454 8491 8528 8562 8597 8633 8669 8705 8739 8772 8805 8836 8868 8900 8928 8953 8980 9006 9031 9057 9079 9097 9115 9136 9157 9177 9198 9217 9238 9258 9276 9294 9312 9331 9350 9368 9386 9403 9420 9438 9455 9471 9488 9503 9519 9534 9548 9562 9576 9590 9604 9617 9630 9643 9656 9669 9682 9693 9705 9716 9727 9737 9747 9757 9767 9777 9788 9799 9808 9817 9826 9835 9843 9851 9858 9865 9871 9877 9883 9889 9895 9901 9906 9911 9916 9921 9925 9929 9933 9937 9940 9943 9946 9949 9952 9955 9958 9961 9963 9965 9967 9969 9971 9973 9975 9977 9979 9981 9983 9985 9987 9988 9989 9990 9991 9992 9993 9994 9995 9996 9997 9998 9999 10000
iter 9: 48 96 143 190 237 285 333 380 427 474 522 569 616 663 710 756 802 848 894 941 988 1035 1082 1129 1177 1225 1274 1324 1374 1424 1473 1523 1573 1623 1674 1725 1777 1829 1882 1937 1991 2045 2100 2155 2209 2266 2322 2379 2435 2491 2546 2602 2657 2712 2767 2821 2874 2927 2978 3029 3082 3135 3188 3243 3297 3352 3408 3463 3518 3575 3633 3690 3748 3805 3862 3918 3975 4031 4088 4146 4206 4267 4327 4387 4447 4507 4568 4628 4689 4750 4811 4872 4932 4990 5046 5101 5156 5212 5268 5323 5382 5442 5500 5556 5612 5668 5724 5779 5833 5887 5942 5999 6055 6111 6165 6217 6269 6321 6374 6427 6481 6534 6589 6643 6695 6748 6803 6860 6916 6971 7024 7076 7129 7181 7233 7282 7331 7380 7430 7478 7526 7574 7622 7668 7712 7757 7801 7847 7894 7938 7982 8028 8074 8119 8164 8206 8247 8289 8331 8372 8413 8454 8491 8528 8562 8597 8633 8669 8705 8739 8772 8805 8836 8868 8900 8928 8953 8980 9006 9031 9057 9079 9097 9115 9136 9157 9177 9198 9217 9238 9258 9276 9294 9312 9331 9350 9368 9386 9403 9420 9438 9455 9471 9488 9503 9519 9534 9548 9562 9576 9590 9604 9617 9630 9643 9656 9669 9682 9693 9705 9716 9727 9737 9747 9757 9767 9777 9788 9799 9808 9817 9826 9835 9843 9851 9858 9865 9871 9877 9883 9889 9895 9901 9906 9911 9916 9921 9925 9929 9933 9937 9940 9943 9946 9949 9952 9955 9958 9961 9963 9965 9967 9969 9971 9973 9975 9977 9979 9981 9983 9985 9987 9988 9989 9990 9991 9992 9993 9994 9995 9996 9997 9998 9999 10000
iter 10: 48 96 143 190 237 285 333 380 427 474 522 569 616 663 710 756 802 848 894 941 988 1035 1082 1129 1177 1225 1274 1324 1374 1424 1473 1523 1573 1623 1674 1725 1777 1829 1882 1937 1991 2045 2100 2155 2209 2266 2322 2379 2435 2491 2546 2602 2657 2712 2767 2821 2874 2927 2978 3029 3082 3135 3188 3243 3297 3352 3408 3463 3518 3575 3633 3690 3748 3805 3862 3918 3975 4031 4088 4146 4206 4267 4327 4387 4447 4507 4568 4628 4689 4750 4811 4872 4932 4990 5046 5101 5156 5212 5268 5323 5382 5442 5500 5556 5612 5668 5724 5779 5833 5887 5942 5999 6055 6111 6165 6217 6269 6321 6374 6427 6481 6534 6589 6643 6695 6748 6803 6860 6916 6971 7024 7076 7129 7181 7233 7282 7331 7380 7430 7478 7526 7574 7622 7668 7712 7757 7801 7847 7894 7938 7982 8028 8074 8119 8164 8206 8247 8289 8331 8372 8413 8454 8491 8528 8562 8597 8633 8669 8705 8739 8772 8805 8836 8868 8900 8928 8953 8980 9006 9031 9057 9079 9097 9115 9136 9157 9177 9198 9217 9238 9258 9276 9294 9312 9331 9350 9368 9386 9403 9420 9438 9455 9471 9488 9503 9519 9534 9548 9562 9576 9590 9604 9617 9630 9643 9656 9669 9682 9693 9705 9716 9727 9737 9747 9757 9767 9777 9788 9799 9808 9817 9826 9835 9843 9851 9858 9865 9871 9877 9883 9889 9895 9901 9906 9911 9916 9921 9925 9929 9933 9937 9940 9943 9946 9949 9952 9955 9958 9961 9963 9965 9967 9969 9971 9973 9975 9977 9979 9981 9983 9985 9987 9988 9989 9990 9991 9992 9993 9994 9995 9996 9997 9998 9999 10000
iter 11: 48 96 143 190 237 285 333 380 427 474 522 569 616 663 710 756 802 848 894 941 988 1035 1082 1129 1177 1225 1274 1324 1374 1424 1473 1523 1573 1623 1674 1725 1777 1829 1882 1937 1991 2045 2100 2155 2209 2266 2322 2379 2435 2491 2546 2602 2657 2712 2767 2821 2874 2927 2978 3029 3082 3135 3188 3243 3297 3352 3408 3463 3518 3575 3633 3690 3748 3805 3862 3918 3975 4031 4088 4146 4206 4267 4327 4387 4447 4507 4568 4628 4689 4750 4811 4872 4932 4990 5046 5101 5156 5212 5268 5323 5382 5442 5500 5556 5612 5668 5724 5779 5833 5887 5942 5999 6055 6111 6165 6217 6269 6321 6374 6427 6481 6534 6589 6643 6695 6748 6803 6860 6916 6971 7024 7076 7129 7181 7233 7282 7331 7380 7430 7478 7526 7574 7622 7668 7712 7757 7801 7847 7894 7938 7982 8028 8074 8119 8164 8206 8247 8289 8331 8372 8413 8454 8491 8528 8562 8597 8633 8669 8705 8739 8772 8805 8836 8868 8900 8928 8953 8980 9006 9031 9057 9079 9097 9115 9136 9157 9177 9198 9217 9238 9258 9276 9294 9312 9331 9350 9368 9386 9403 9420 9438 9455 9471 9488 9503 9519 9534 9548 9562 9576 9590 9604 9617 9630 9643 9656 9669 9682 9693 9705 9716 9727 9737 9747 9757 9767 9777 9788 9799 9808 9817 9826 9835 9843 9851 9858 9865 9871 9877 9883 9889 9895 9901 9906 9911 9916 9921 9925 9929 9933 9937 9940 9943 9946 9949 9952 9955 9958 9961 9963 9965 9967 9969 9971 9973 9975 9977 9979 9981 9983 9985 9987 9988 9989 9990 9991 9992 9993 9994 9995 9996 9997 9998 9999 10000
iter 12: 48 96 143 190 237 285 333 380 427 474 522 569 616 663 710 756 802 848 894 941 988 1035 1082 1129 1177 1225 1274 1324 1374 1424 1473 1523 1573 1623 1674 1725 1777 1829 1882 1937 1991 2045 2100 2155 2209 2266 2322 2379 2435 2491 2546 2602 2657 2712 2767 2821 2874 2927 2978 3029 3082 3135 3188 3243 3297 3352 3408 3463 3518 3575 3633 3690 3748 3805 3862 3918 3975 4031 4088 4146 4206 4267 4327 4387 4447 4507 4568 4628 4689 4750 4811 4872 4932 4990 5046 5101 5156 5212 5268 5323 5382 5442 5500 5556 5612 5668 5724 5779 5833 5887 5942 5999 6055 6111 6165 6217 6269 6321 6374 6427 6481 6534 6589 6643 6695 6748 6803 6860 6916 6971 7024 7076 7129 7181 7233 7282 7331 7380 7430 7478 7526 7574 7622 7668 7712 7757 7801 7847 7894 7938 7982 8028 8074 8119 8164 8206 8247 8289 8331 8372 8413 8454 8491 8528 8562 8597 8633 8669 8705 8739 8772 8805 8836 8868 8900 8928 8953 8980 9006 9031 9057 9079 9097 9115 9136 9157 9177 9198 9217 9238 9258 9276 9294 9312 9331 9350 9368 9386 9403 9420 9438 9455 9471 9488 9503 9519 9534 9548 9562 9576 9590 9604 9617 9630 9643 9656 9669 9682 9693 9705 9716 9727 9737 9747 9757 9767 9777 9788 9799 9808 9817 9826 9835 9843 9851 9858 9865 9871 9877 9883 9889 9895 9901 9906 9911 9916 9921 9925 9929 9933 9937 9940 9943 9946 9949 9952 9955 9958 9961 9963 9965 9967 9969 9971 9973 9975 9977 9979 9981 9983 9985 9987 9988 9989 9990 9991 9992 9993 9994 9995 9996 9997 9998 9999 10000
iter 13: 48 96 143 190 237 285 333 380 427 474 522 569 616 663 710 756 802 848 894 941 988 1035 1082 1129 1177 1225 1274 1324 1374 1424 1473 1523 1573 1623 1674 1725 1777 1829 1882 1937 1991 2045 2100 2155 2209 2266 2322 2379 2435 2491 2546 2602 2657 2712 2767 2821 2874 2927 2978 3029 3082 3135 3188 3243 3297 3352 3408 3463 3518 3575 3633 3690 3748 3805 3862 3918 3975 4031 4088 4146 4206 4267 4327 4387 4447 4507 4568 4628 4689 4750 4811 4872 4932 4990 5046 5101 5156 5212 5268 5323 5382 5442 5500 5556 5612 5668 5724 5779 5833 5887 5942 5999 6055 6111 6165 6217 6269 6321 6374 6427 6481 6534 6589 6643 6695 6748 6803 6860 6916 6971 7024 7076 7129 7181 7233 7282 7331 7380 7430 7478 7526 7574 7622 7668 7712 7757 7801 7847 7894 7938 7982 8028 8074 8119 8164 8206 8247 8289 8331 8372 8413 8454 8491 8528 8562 8597 8633 8669 8705 8739 8772 8805 8836 8868 8900 8928 8953 8980 9006 9031 9057 9079 9097 9115 9136 9157 9177 9198 9217 9238 9258 9276 9294 9312 9331 9350 9368 9386 9403 9420 9438 9455 9471 9488 9503 9519 9534 9548 9562 9576 9590 9604 9617 9630 9643 9656 9669 9682 9693 9705 9716 9727 9737 9747 9757 9767 9777 9788 9799 9808 9817 9826 9835 9843 9851 9858 9865 9871 9877 9883 9889 9895 9901 9906 9911 9916 9921 9925 9929 9933 9937 9940 9943 9946 9949 9952 9955 9958 9961 9963 9965 9967 9969 9971 9973 9975 9977 9979 9981 9983 9985 9987 9988 9989 9990 9991 9992 9993 9994 9995 9996 9997 9998 9999 10000
iter 14: 48 96 143 190 237 285 333 380 427 474 522 569 616 663 710 756 802 848 894 941 988 1035 1082 1129 1177 1225 1274 1324 1374 1424 1473 1523 1573 1623 1674 1725 1777 1829 1882 1937 1991 2045 2100 2155 2209 2266 2322 2379 2435 2491 2546 2602 2657 2712 2767 2821 2874 2927 2978 3029 3082 3135 3188 3243 3297 3352 3408 3463 3518 3575 3633 3690 3748 3805 3862 3918 3975 4031 4088 4146 4206 4267 4327 4387 4447 4507 4568 4628 4689 4750 4811 4872 4932 4990 5046 5101 5156 5212 5268 5323 5382 5442 5500 5556 5612 5668 5724 5779 5833 5887 5942 5999 6055 6111 6165 6217 6269 6321 6374 6427 6481 6534 6589 6643 6695 6748 6803 6860 6916 6971 7024 7076 7129 7181 7233 7282 7331 7380 7430 7478 7526 7574 7622 7668 7712 7757 7801 7847 7894 7938 7982 8028 8074 8119 8164 8206 8247 8289 8331 8372 8413 8454 8491 8528 8562 8597 8633 8669 8705 8739 8772 8805 8836 8868 8900 8928 8953 8980 9006 9031 9057 9079 9097 9115 9136 9157 9177 9198 9217 9238 9258 9276 9294 9312 9331 9350 9368 9386 9403 9420 9438 9455 9471 9488 9503 9519 9534 9548 9562 9576 9590 9604 9617 9630 9643 9656 9669 9682 9693 9705 9716 9727 9737 9747 9757 9767 9777 9788 9799 9808 9817 9826 9835 9843 9851 9858 9865 9871 9877 9883 9889 9895 9901 9906 9911 9916 9921 9925 9929 9933 9937 9940 9943 9946 9949 9952 9955 9958 9961 9963 9965 9967 9969 9971 9973 9975 9977 9979 9981 9983 9985 9987 9988 9989 9990 9991 9992 9993 9994 9995 9996 9997 9998 9999 10000
iter 15: 48 96 143 190 237 285 333 380 427 474 522 569 616 663 710 756 802 848 894 941 988 1035 1082 1129 1177 1225 1274 1324 1374 1424 1473 1523 1573 1623 1674 1725 1777 1829 1882 1937 1991 2045 2100 2155 2209 2266 2322 2379 2435 2491 2546 2602 2657 2712 2767 2821 2874 2927 2978 3029 3082 3135 3188 3243 3297 3352 3408 3463 3518 3575 3633 3690 3748 3805 3862 3918 3975 4031 4088 4146 4206 4267 4327 4387 4447 4507 4568 4628 4689 4750 4811 4872 4932 4990 5046 5101 5156 5212 5268 5323 5382 5442 5500 5556 5612 5668 5724 5779 5833 5887 5942 5999 6055 6111 6165 6217 6269 6321 6374 6427 6481 6534 6589 6643 6695 6748 6803 6860 6916 6971 7024 7076 7129 7181 7233 7282 7331 7380 7430 7478 7526 7574 7622 7668 7712 7757 7801 7847 7894 7938 7982 8028 8074 8119 8164 8206 8247 8289 8331 8372 8413 8454 8491 8528 8562 8597 8633 8669 8705 8739 8772 8805 8836 8868 8900 8928 8953 8980 9006 9031 9057 9079 9097 9115 9136 9157 9177 9198 9217 9238 9258 9276 9294 9312 9331 9350 9368 9386 9403 9420 9438 9455 9471 9488 9503 9519 9534 9548 9562 9576 9590 9604 9617 9630 9643 9656 9669 9682 9693 9705 9716 9727 9737 9747 9757 9767 9777 9788 9799 9808 9817 9826 9835 9843 9851 9858 9865 9871 9877 9883 9889 9895 9901 9906 9911 9916 9921 9925 9929 9933 9937 9940 9943 9946 9949 9952 9955 9958 9961 9963 9965 9967 9969 9971 9973 9975 9977 9979 9981 9983 9985 9987 9988 9989 9990 9991 9992 9993 9994 9995 9996 9997 9998 9999 10000
iter 16: 48 96 143 190 237 285 333 380 427 474 522 569 616 663 710 756 802 848 894 941 988 1035 1082 1129 1177 1225 1274 1324 1374 1424 1473 1523 1573 1623 1674 1725 1777 1829 1882 1937 1991 2045 2100 2155 2209 2266 2322 2379 2435 2491 2546 2602 2657 2712 2767 2821 2874 2927 2978 3029 3082 3135 3188 3243 3297 3352 3408 3463 3518 3575 3633 3690 3748 3805 3862 3918 3975 4031 4088 4146 4206 4267 4327 4387 4447 4507 4568 4628 4689 4750 4811 4872 4932 4990 5046 5101 5156 5212 5268 5323 5382 5442 5500 5556 5612 5668 5724 5779 5833 5887 5942 5999 6055 6111 6165 6217 6269 6321 6374 6427 6481 6534 6589 6643 6695 6748 6803 6860 6916 6971 7024 7076 7129 7181 7233 7282 7331 7380 7430 7478 7526 7574 7622 7668 7712 7757 7801 7847 7894 7938 7982 8028 8074 8119 8164 8206 8247 8289 8331 8372 8413 8454 8491 8528 8562 8597 8633 8669 8705 8739 8772 8805 8836 8868 8900 8928 8953 8980 9006 9031 9057 9079 9097 9115 9136 9157 9177 9198 9217 9238 9258 9276 9294 9312 9331 9350 9368 9386 9403 9420 9438 9455 9471 9488 9503 9519 9534 9548 9562 9576 9590 9604 9617 9630 9643 9656 9669 9682 9693 9705 9716 9727 9737 9747 9757 9767 9777 9788 9799 9808 9817 9826 9835 9843 9851 9858 9865 9871 9877 9883 9889 9895 9901 9906 9911 9916 9921 9925 9929 9933 9937 9940 9943 9946 9949 9952 9955 9958 9961 9963 9965 9967 9969 9971 9973 9975 9977 9979 9981 9983 9985 9987 9988 9989 9990 9991 9992 9993 9994 9995 9996 9997 9998 9999 10000
iter 17: 48 96 143 190 237 285 333 380 427 474 522 569 616 663 710 756 802 848 894 941 988 1035 1082 1129 1177 1225 1274 1324 1374 1424 1473 1523 1573 1623 1674 1725 1777 1829 1882 1937 1991 2045 2100 2155 2209 2266 2322 2379 2435 2491 2546 2602 2657 2712 2767 2821 2874 2927 2978 3029 3082 3135 3188 3243 3297 3352 3408 3463 3518 3575 3633 3690 3748 3805 3862 3918 3975 4031 4088 4146 4206 4267 4327 4387 4447 4507 4568 4628 4689 4750 4811 4872 4932 4990 5046 5101 5156 5212 5268 5323 5382 5442 5500 5556 5612 5668 5724 5779 5833 5887 5942 5999 6055 6111 6165 6217 6269 6321 6374 6427 6481 6534 6589 6643 6695 6748 6803 6860 6916 6971 7024 7076 7129 7181 7233 7282 7331 7380 7430 7478 7526 7574 7622 7668 7712 7757 7801 7847 7894 7938 7982 8028 8074 8119 8164 8206 8247 8289 8331 8372 8413 8454 8491 8528 8562 8597 8633 8669 8705 8739 8772 8805 8836 8868 8900 8928 8953 8980 9006 9031 9057 9079 9097 9115 9136 9157 9177 9198 9217 9238 9258 9276 9294 9312 9331 9350 9368 9386 9403 9420 9438 9455 9471 9488 9503 9519 9534 9548 9562 9576 9590 9604 9617 9630 9643 9656 9669 9682 9693 9705 9716 9727 9737 9747 9757 9767 9777 9788 9799 9808 9817 9826 9835 9843 9851 9858 9865 9871 9877 9883 9889 9895 9901 9906 9911 9916 9921 9925 9929 9933 9937 9940 9943 9946 9949 9952 9955 9958 9961 9963 9965 9967 9969 9971 9973 9975 9977 9979 9981 9983 9985 9987 9988 9989 9990 9991 9992 9993 9994 9995 9996 9997 9998 9999 10000
iter 18: 48 96 143 190 237 285 333 380 427 474 522 569 616 663 710 756 802 848 894 941 988 1035 1082 1129 1177 1225 1274 1324 1374 1424 1473 1523 1573 1623 1674 1725 1777 1829 1882 1937 1991 2045 2100 2155 2209 2266 2322 2379 2435 2491 2546 2602 2657 2712 2767 2821 2874 2927 2978 3029 3082 3135 3188 3243 3297 3352 3408 3463 3518 3575 3633 3690 3748 3805 3862 3918 3975 4031 4088 4146 4206 4267 4327 4387 4447 4507 4568 4628 4689 4750 4811 4872 4932 4990 5046 5101 5156 5212 5268 5323 5382 5442 5500 5556 5612 5668 5724 5779 5833 5887 5942 5999 6055 6111 6165 6217 6269 6321 6374 6427 6481 6534 6589 6643 6695 6748 6803 6860 6916 6971 7024 7076 7129 7181 7233 7282 7331 7380 7430 7478 7526 7574 7622 7668 7712 7757 7801 7847 7894 7938 7982 8028 8074 8119 8164 8206 8247 8289 8331 8372 8413 8454 8491 8528 8562 8597 8633 8669 8705 8739 8772 8805 8836 8868 8900 8928 8953 8980 9006 9031 9057 9079 9097 9115 9136 9157 9177 9198 9217 9238 9258 9276 9294 9312 9331 9350 9368 9386 9403 9420 9438 9455 9471 9488 9503 9519 9534 9548 9562 9576 9590 9604 9617 9630 9643 9656 9669 9682 9693 9705 9716 9727 9737 9747 9757 9767 9777 9788 9799 9808 9817 9826 9835 9843 9851 9858 9865 9871 9877 9883 9889 9895 9901 9906 9911 9916 9921 9925 9929 9933 9937 9940 9943 9946 9949 9952 9955 9958 9961 9963 9965 9967 9969 9971 9973 9975 9977 9979 9981 9983 9985 9987 9988 9989 9990 9991 9992 9993 9994 9995 9996 9997 9998 9999 10000
iter 19: 48 96 143 190 237 285 333 380 427 474 522 569 616 663 710 756 802 848 894 941 988 1035 1082 1129 1177 1225 1274 1324 1374 1424 1473 1523 1573 1623 1674 1725 1777 1829 1882 1937 1991 2045 2100 2155 2209 2266 2322 2379 2435 2491 2546 2602 2657 2712 2767 2821 2874 2927 2978 3029 3082 3135 3188 3243 3297 3352 3408 3463 3518 3575 3633 3690 3748 3805 3862 3918 3975 4031 4088 4146 4206 4267 4327 4387 4447 4507 4568 4628 4689 4750 4811 4872 4932 4990 5046 5101 5156 5212 5268 5323 5382 5442 5500 5556 5612 5668 5724 5779 5833 5887 5942 5999 6055 6111 6165 6217 6269 6321 6374 6427 6481 6534 6589 6643 6695 6748 6803 6860 6916 6971 7024 7076 7129 7181 7233 7282 7331 7380 7430 7478 7526 7574 7622 7668 7712 7757 7801 7847 7894 7938 7982 8028 8074 8119 8164 8206 8247 8289 8331 8372 8413 8454 8491 8528 8562 8597 8633 8669 8705 8739 8772 8805 8836 8868 8900 8928 8953 8980 9006 9031 9057 9079 9097 9115 9136 9157 9177 9198 9217 9238 9258 9276 9294 9312 9331 9350 9368 9386 9403 9420 9438 9455 9471 9488 9503 9519 9534 9548 9562 9576 9590 9604 9617 9630 9643 9656 9669 9682 9693 9705 9716 9727 9737 9747 9757 9767 9777 9788 9799 9808 9817 9826 9835 9843 9851 9858 9865 9871 9877 9883 9889 9895 9901 9906 9911 9916 9921 9925 9929 9933 9937 9940 9943 9946 9949 9952 9955 9958 9961 9963 9965 9967 9969 9971 9973 9975 9977 9979 9981 9983 9985 9987 9988 9989 9990 9991 9992 9993 9994 9995 9996 9997 9998 9999 10000

Test time [ms]:27.422
Program duration [ms]: 708.582