Graph Coloring - v1.0.0
Graph Representation: Compressed Sparse Row
Coloring Algorithm: Parallel Jones-Plassmann (CUDA) 

Loading graph from /home/cardone/Desktop/graphs/gra/rgg_n_2_21_s0.gra
Graph succesfully loaded from file.
V: 2097152, E: 28975990, maxD: 37, minD: 0, avgD: 13.8168
Init time [ms]: 1114.1
========================================================
1	num-cols: 29 	========================================================
2	num-cols: 29 	========================================================
3	num-cols: 29 	========================================================
4	num-cols: 29 	========================================================
5	num-cols: 29 	========================================================
6	num-cols: 29 	========================================================
7	num-cols: 29 	========================================================
8	num-cols: 29 	========================================================
9	num-cols: 29 	========================================================
10	num-cols: 29 	========================================================
11	num-cols: 29 	========================================================
12	num-cols: 29 	========================================================
13	num-cols: 30 	========================================================
14	num-cols: 30 	========================================================
15	num-cols: 30 	========================================================
16	num-cols: 30 	========================================================
17	num-cols: 30 	========================================================
18	num-cols: 30 	========================================================
19	num-cols: 30 	========================================================
20	num-cols: 30 	========================================================
Timings [ms]
Avg random vector initialization time: 11.391
Avg allocation time: 0.37735
Avg upload time: 11.4676
Avg process time: 12.2937
Avg download time: 0.7999
Avg total time: 24.9386
Inner total time (start to end function): 630.609
Reset total time: 227.82
Process total time: 498.771
Avg number colors: 29
Colors per iteration:
iter 0: 151718 303319 454282 604599 754067 902250 1048388 1191661 1331561 1465405 1591510 1706392 1807429 1892025 1959596 2010137 2045299 2068035 2081803 2089607 2093667 2095644 2096513 2096910 2097064 2097117 2097142 2097149 2097152
iter 1: 151718 303319 454282 604599 754067 902250 1048388 1191661 1331561 1465405 1591510 1706392 1807429 1892025 1959596 2010137 2045299 2068035 2081803 2089607 2093667 2095644 2096513 2096910 2097064 2097117 2097142 2097149 2097152
iter 2: 151718 303319 454282 604599 754067 902250 1048388 1191661 1331561 1465405 1591510 1706392 1807429 1892025 1959596 2010137 2045299 2068035 2081803 2089607 2093667 2095644 2096513 2096910 2097064 2097117 2097142 2097149 2097152
iter 3: 151775 303317 454269 604553 753995 902288 1048380 1192033 1331800 1465983 1591372 1706333 1807676 1892362 1959679 2010001 2045150 2067930 2081733 2089437 2093494 2095493 2096453 2096888 2097070 2097125 2097140 2097148 2097152
iter 4: 151775 303317 454269 604553 753995 902288 1048380 1192033 1331800 1465983 1591372 1706333 1807676 1892362 1959679 2010001 2045150 2067930 2081733 2089437 2093494 2095493 2096453 2096888 2097070 2097125 2097140 2097148 2097152
iter 5: 151775 303317 454269 604553 753995 902288 1048380 1192033 1331800 1465983 1591372 1706333 1807676 1892362 1959679 2010001 2045150 2067930 2081733 2089437 2093494 2095493 2096453 2096888 2097070 2097125 2097140 2097148 2097152
iter 6: 151775 303317 454269 604553 753995 902288 1048380 1192033 1331800 1465983 1591372 1706333 1807676 1892362 1959679 2010001 2045150 2067930 2081733 2089437 2093494 2095493 2096453 2096888 2097070 2097125 2097140 2097148 2097152
iter 7: 151775 303317 454269 604553 753995 902288 1048380 1192033 1331800 1465983 1591372 1706333 1807676 1892362 1959679 2010001 2045150 2067930 2081733 2089437 2093494 2095493 2096453 2096888 2097070 2097125 2097140 2097148 2097152
iter 8: 151775 303317 454269 604553 753995 902288 1048380 1192033 1331800 1465983 1591372 1706333 1807676 1892362 1959679 2010001 2045150 2067930 2081733 2089437 2093494 2095493 2096453 2096888 2097070 2097125 2097140 2097148 2097152
iter 9: 151775 303317 454269 604553 753995 902288 1048380 1192033 1331800 1465983 1591372 1706333 1807676 1892362 1959679 2010001 2045150 2067930 2081733 2089437 2093494 2095493 2096453 2096888 2097070 2097125 2097140 2097148 2097152
iter 10: 151775 303317 454269 604553 753995 902288 1048380 1192033 1331800 1465983 1591372 1706333 1807676 1892362 1959679 2010001 2045150 2067930 2081733 2089437 2093494 2095493 2096453 2096888 2097070 2097125 2097140 2097148 2097152
iter 11: 151775 303317 454269 604553 753995 902288 1048380 1192033 1331800 1465983 1591372 1706333 1807676 1892362 1959679 2010001 2045150 2067930 2081733 2089437 2093494 2095493 2096453 2096888 2097070 2097125 2097140 2097148 2097152
iter 12: 151734 303093 453944 604159 753388 901494 1047514 1191088 1330960 1464900 1590712 1706005 1807388 1892538 1960110 2010502 2045535 2068262 2081979 2089570 2093534 2095521 2096472 2096877 2097037 2097106 2097132 2097144 2097151 2097152
iter 13: 151734 303093 453944 604159 753388 901494 1047514 1191088 1330960 1464900 1590712 1706005 1807388 1892538 1960110 2010502 2045535 2068262 2081979 2089570 2093534 2095521 2096472 2096877 2097037 2097106 2097132 2097144 2097151 2097152
iter 14: 151734 303093 453944 604159 753388 901494 1047514 1191088 1330960 1464900 1590712 1706005 1807388 1892538 1960110 2010502 2045535 2068262 2081979 2089570 2093534 2095521 2096472 2096877 2097037 2097106 2097132 2097144 2097151 2097152
iter 15: 151734 303093 453944 604159 753388 901494 1047514 1191088 1330960 1464900 1590712 1706005 1807388 1892538 1960110 2010502 2045535 2068262 2081979 2089570 2093534 2095521 2096472 2096877 2097037 2097106 2097132 2097144 2097151 2097152
iter 16: 151734 303093 453944 604159 753388 901494 1047514 1191088 1330960 1464900 1590712 1706005 1807388 1892538 1960110 2010502 2045535 2068262 2081979 2089570 2093534 2095521 2096472 2096877 2097037 2097106 2097132 2097144 2097151 2097152
iter 17: 151734 303093 453944 604159 753388 901494 1047514 1191088 1330960 1464900 1590712 1706005 1807388 1892538 1960110 2010502 2045535 2068262 2081979 2089570 2093534 2095521 2096472 2096877 2097037 2097106 2097132 2097144 2097151 2097152
iter 18: 151734 303093 453944 604159 753388 901494 1047514 1191088 1330960 1464900 1590712 1706005 1807388 1892538 1960110 2010502 2045535 2068262 2081979 2089570 2093534 2095521 2096472 2096877 2097037 2097106 2097132 2097144 2097151 2097152
iter 19: 151734 303093 453944 604159 753388 901494 1047514 1191088 1330960 1464900 1590712 1706005 1807388 1892538 1960110 2010502 2045535 2068262 2081979 2089570 2093534 2095521 2096472 2096877 2097037 2097106 2097132 2097144 2097151 2097152

Test time [ms]:874.187
Program duration [ms]: 3411.18