Graph Coloring - v1.0.0
Graph Representation: Compressed Sparse Row
Coloring Algorithm: Parallel Jones-Plassmann (CUDA) Min-Max Independent Sets

Loading graph from /home/cardone/Desktop/graphs/gra/soc-LiveJournal1.gra
Graph succesfully loaded from file.
V: 4847571, E: 85702474, maxD: 20333, minD: 0, avgD: 17.6795
Init time [ms]: 3220.71
========================================================
1	num-cols: 515 	========================================================
2	num-cols: 515 	========================================================
3	num-cols: 525 	========================================================
4	num-cols: 512 	========================================================
5	num-cols: 519 	========================================================
6	num-cols: 530 	========================================================
7	num-cols: 502 	========================================================
8	num-cols: 543 	========================================================
9	num-cols: 510 	========================================================
10	num-cols: 519 	========================================================
11	num-cols: 508 	========================================================
12	num-cols: 512 	========================================================
13	num-cols: 536 	========================================================
14	num-cols: 506 	========================================================
15	num-cols: 516 	========================================================
16	num-cols: 515 	========================================================
17	num-cols: 526 	========================================================
18	num-cols: 494 	========================================================
19	num-cols: 488 	========================================================
20	num-cols: 514 	========================================================
Timings [ms]
Avg random vector initialization time: 25.2073
Avg allocation time: 0.69785
Avg upload time: 32.4733
Avg process time: 1031.13
Avg download time: 1.7026
Avg total time: 1066.01
Inner total time (start to end function): 21580.3
Reset total time: 504.147
Process total time: 21320.2
Avg number colors: 515
Colors per iteration:
iter 0: 2092456 2788082 3204155 3491239 3703203 3867586 3999627 4107781 4196870 4272661 4336811 4391925 4439485 4480739 4517045 4548633 4576176 4600925 4622579 4641980 4659102 4674319 4687864 4700131 4710982 4720957 4729910 4737898 4745046 4751703 4757665 4763185 4768175 4772902 4777180 4780962 4784533 4787889 4790928 4793666 4796244 4798753 4801054 4803254 4805238 4807145 4808898 4810524 4811980 4813458 4814807 4816049 4817236 4818428 4819542 4820550 4821532 4822470 4823330 4824176 4825010 4825762 4826474 4827201 4827850 4828510 4829124 4829703 4830230 4830796 4831311 4831806 4832266 4832744 4833185 4833606 4834036 4834440 4834804 4835162 4835514 4835874 4836209 4836542 4836845 4837135 4837409 4837684 4837984 4838245 4838509 4838758 4839022 4839260 4839493 4839718 4839922 4840169 4840373 4840585 4840757 4840914 4841096 4841263 4841431 4841598 4841770 4841933 4842079 4842225 4842383 4842516 4842658 4842783 4842914 4843045 4843170 4843294 4843410 4843524 4843632 4843753 4843850 4843948 4844034 4844132 4844238 4844326 4844426 4844519 4844607 4844696 4844790 4844863 4844945 4845033 4845114 4845193 4845264 4845337 4845405 4845477 4845544 4845606 4845672 4845737 4845806 4845860 4845916 4845973 4846031 4846083 4846134 4846184 4846232 4846282 4846331 4846376 4846414 4846456 4846495 4846537 4846568 4846596 4846639 4846673 4846711 4846748 4846782 4846809 4846841 4846872 4846902 4846930 4846957 4846981 4847006 4847030 4847052 4847070 4847087 4847105 4847123 4847140 4847157 4847174 4847185 4847198 4847210 4847225 4847239 4847253 4847264 4847272 4847282 4847296 4847309 4847319 4847328 4847339 4847349 4847360 4847372 4847382 4847393 4847403 4847414 4847425 4847434 4847444 4847455 4847467 4847475 4847479 4847481 4847484 4847487 4847489 4847491 4847493 4847495 4847497 4847499 4847501 4847503 4847505 4847507 4847509 4847511 4847513 4847515 4847517 4847519 4847521 4847523 4847525 4847528 4847530 4847532 4847534 4847536 4847538 4847540 4847542 4847544 4847546 4847548 4847550 4847552 4847554 4847557 4847560 4847562 4847564 4847566 4847568 4847570 4847571
iter 1: 2094135 2789665 3206120 3492510 3704283 3869014 4001322 4109575 4199904 4275481 4340218 4395205 4442552 4483813 4520051 4551727 4579403 4603452 4624982 4644177 4661368 4676750 4690336 4702236 4712939 4722687 4731311 4739239 4746469 4752948 4758982 4764286 4769209 4773618 4777868 4781737 4785190 4788329 4791362 4794140 4796757 4799151 4801361 4803413 4805339 4807075 4808789 4810390 4811954 4813382 4814716 4815964 4817148 4818251 4819381 4820437 4821433 4822316 4823203 4824036 4824858 4825623 4826376 4827056 4827716 4828328 4828963 4829592 4830184 4830676 4831188 4831698 4832224 4832665 4833058 4833504 4833922 4834316 4834685 4835062 4835403 4835723 4836064 4836346 4836650 4836967 4837253 4837537 4837778 4838048 4838323 4838550 4838802 4839034 4839262 4839494 4839712 4839908 4840101 4840287 4840480 4840659 4840807 4840971 4841121 4841315 4841472 4841624 4841788 4841957 4842112 4842228 4842370 4842505 4842641 4842775 4842905 4843035 4843165 4843296 4843420 4843534 4843644 4843758 4843885 4843989 4844097 4844200 4844286 4844382 4844467 4844571 4844684 4844771 4844843 4844919 4845002 4845073 4845146 4845218 4845292 4845368 4845421 4845483 4845543 4845602 4845663 4845709 4845755 4845804 4845861 4845911 4845960 4846011 4846054 4846098 4846145 4846183 4846233 4846283 4846321 4846361 4846399 4846438 4846476 4846511 4846550 4846585 4846613 4846652 4846685 4846711 4846741 4846769 4846793 4846818 4846838 4846862 4846887 4846910 4846936 4846956 4846977 4846995 4847015 4847041 4847058 4847075 4847091 4847113 4847130 4847144 4847163 4847178 4847189 4847206 4847219 4847230 4847239 4847253 4847265 4847276 4847286 4847295 4847308 4847320 4847331 4847341 4847353 4847360 4847371 4847378 4847388 4847396 4847407 4847418 4847428 4847437 4847443 4847450 4847458 4847466 4847472 4847480 4847486 4847491 4847496 4847501 4847505 4847507 4847511 4847514 4847516 4847518 4847520 4847523 4847525 4847527 4847529 4847532 4847534 4847537 4847539 4847541 4847543 4847546 4847549 4847551 4847553 4847555 4847557 4847559 4847561 4847563 4847565 4847568 4847570 4847571
iter 2: 2091561 2788620 3205739 3492265 3704238 3868516 3999966 4107807 4198052 4273263 4337787 4393052 4440872 4482237 4518247 4550144 4578177 4602634 4624314 4643648 4660840 4675894 4689291 4701318 4712091 4721804 4730766 4738719 4746039 4752577 4758599 4763823 4768778 4773387 4777545 4781343 4784982 4788258 4791289 4794035 4796679 4799036 4801303 4803369 4805344 4807169 4808822 4810340 4811850 4813315 4814703 4815990 4817150 4818293 4819396 4820379 4821373 4822312 4823191 4824036 4824847 4825634 4826380 4827142 4827840 4828504 4829110 4829718 4830282 4830837 4831373 4831876 4832420 4832910 4833392 4833804 4834205 4834592 4834952 4835334 4835720 4836041 4836367 4836689 4836991 4837268 4837554 4837816 4838099 4838367 4838618 4838850 4839091 4839318 4839556 4839785 4839991 4840232 4840455 4840651 4840841 4841032 4841209 4841388 4841552 4841704 4841853 4842009 4842152 4842307 4842450 4842570 4842697 4842832 4842965 4843091 4843222 4843322 4843434 4843549 4843643 4843750 4843845 4843956 4844060 4844146 4844237 4844312 4844403 4844501 4844592 4844687 4844763 4844836 4844917 4844977 4845034 4845100 4845172 4845247 4845306 4845361 4845428 4845493 4845546 4845608 4845667 4845716 4845763 4845814 4845862 4845912 4845964 4846011 4846059 4846105 4846150 4846197 4846244 4846290 4846335 4846377 4846415 4846457 4846495 4846535 4846578 4846610 4846644 4846668 4846695 4846721 4846752 4846782 4846808 4846838 4846865 4846887 4846914 4846937 4846960 4846983 4847004 4847030 4847049 4847071 4847088 4847106 4847117 4847134 4847146 4847160 4847174 4847189 4847204 4847225 4847240 4847252 4847267 4847277 4847290 4847303 4847312 4847321 4847331 4847341 4847351 4847360 4847371 4847382 4847392 4847400 4847409 4847420 4847430 4847435 4847440 4847445 4847451 4847455 4847461 4847466 4847471 4847476 4847481 4847487 4847492 4847496 4847501 4847505 4847507 4847509 4847511 4847513 4847515 4847517 4847519 4847522 4847524 4847526 4847528 4847530 4847532 4847534 4847536 4847538 4847540 4847542 4847544 4847546 4847548 4847550 4847552 4847554 4847556 4847558 4847560 4847562 4847564 4847566 4847568 4847570 4847571
iter 3: 2092994 2789224 3205548 3491085 3703081 3867358 3999325 4107806 4197293 4273019 4337339 4392585 4440016 4480908 4517224 4548851 4576806 4601144 4622527 4641730 4659105 4674246 4687825 4700043 4710966 4720942 4729705 4737580 4744893 4751552 4757447 4762916 4768046 4772550 4776736 4780670 4784291 4787627 4790770 4793542 4796143 4798537 4800744 4802835 4804769 4806591 4808305 4809892 4811457 4812912 4814317 4815663 4816910 4818083 4819167 4820182 4821203 4822186 4823070 4823941 4824712 4825493 4826205 4826877 4827551 4828206 4828838 4829424 4829961 4830533 4831039 4831537 4832040 4832497 4832936 4833381 4833781 4834178 4834523 4834894 4835228 4835550 4835899 4836207 4836531 4836815 4837116 4837394 4837695 4837963 4838222 4838461 4838689 4838917 4839146 4839391 4839603 4839803 4840023 4840227 4840433 4840606 4840801 4840987 4841160 4841313 4841476 4841646 4841808 4841944 4842086 4842242 4842377 4842504 4842614 4842745 4842877 4843007 4843121 4843241 4843366 4843476 4843581 4843710 4843814 4843913 4844029 4844140 4844239 4844344 4844442 4844509 4844593 4844682 4844761 4844850 4844935 4845014 4845082 4845156 4845223 4845295 4845353 4845412 4845468 4845528 4845580 4845636 4845702 4845765 4845818 4845870 4845926 4845972 4846025 4846069 4846105 4846152 4846191 4846226 4846268 4846306 4846340 4846387 4846423 4846463 4846507 4846539 4846570 4846599 4846627 4846654 4846688 4846726 4846755 4846782 4846811 4846839 4846861 4846884 4846901 4846921 4846942 4846965 4846984 4847003 4847020 4847041 4847060 4847075 4847096 4847108 4847123 4847136 4847147 4847160 4847170 4847183 4847195 4847207 4847223 4847236 4847248 4847266 4847279 4847296 4847310 4847322 4847336 4847349 4847358 4847368 4847377 4847385 4847395 4847402 4847410 4847416 4847424 4847430 4847436 4847446 4847453 4847459 4847466 4847474 4847480 4847486 4847490 4847496 4847502 4847508 4847514 4847518 4847521 4847524 4847526 4847528 4847531 4847533 4847536 4847539 4847542 4847544 4847547 4847549 4847551 4847553 4847555 4847557 4847559 4847561 4847564 4847567 4847569 4847571
iter 4: 2092569 2788637 3204583 3490261 3703456 3867891 3999455 4108042 4197873 4273842 4338016 4393460 4441452 4482371 4518343 4550090 4577659 4602005 4623549 4642966 4659858 4674965 4688619 4700838 4711681 4721480 4730546 4738496 4745706 4752314 4758175 4763656 4768635 4773088 4777240 4781064 4784581 4787950 4791021 4793888 4796449 4798828 4801081 4803206 4805130 4807014 4808797 4810417 4811977 4813386 4814699 4816012 4817235 4818372 4819414 4820459 4821407 4822381 4823225 4824098 4824934 4825717 4826429 4827151 4827846 4828466 4829100 4829681 4830269 4830818 4831344 4831864 4832346 4832805 4833237 4833675 4834102 4834502 4834880 4835238 4835575 4835929 4836247 4836597 4836911 4837212 4837503 4837776 4838025 4838327 4838600 4838862 4839093 4839308 4839536 4839744 4839966 4840160 4840364 4840547 4840740 4840910 4841103 4841289 4841468 4841627 4841808 4841958 4842106 4842259 4842422 4842562 4842709 4842835 4842962 4843099 4843221 4843346 4843458 4843577 4843674 4843812 4843930 4844047 4844145 4844247 4844347 4844450 4844551 4844643 4844731 4844836 4844931 4845026 4845117 4845181 4845263 4845330 4845389 4845454 4845518 4845578 4845653 4845708 4845764 4845821 4845872 4845929 4845986 4846039 4846089 4846136 4846177 4846228 4846277 4846326 4846371 4846406 4846441 4846481 4846517 4846555 4846588 4846620 4846649 4846679 4846712 4846752 4846777 4846804 4846829 4846855 4846884 4846907 4846932 4846958 4846982 4847005 4847028 4847047 4847066 4847084 4847108 4847128 4847141 4847156 4847171 4847187 4847206 4847216 4847227 4847243 4847255 4847267 4847278 4847292 4847304 4847312 4847319 4847330 4847339 4847348 4847357 4847365 4847373 4847382 4847392 4847398 4847404 4847411 4847417 4847425 4847433 4847441 4847449 4847458 4847466 4847473 4847480 4847484 4847487 4847489 4847491 4847493 4847495 4847497 4847499 4847501 4847503 4847505 4847507 4847509 4847512 4847514 4847516 4847518 4847522 4847524 4847527 4847530 4847532 4847534 4847536 4847538 4847540 4847542 4847544 4847547 4847550 4847552 4847554 4847556 4847558 4847560 4847562 4847564 4847566 4847568 4847570 4847571
iter 5: 2093483 2788289 3205234 3492224 3703563 3868153 3999708 4107446 4197277 4273704 4337541 4392324 4439982 4481534 4517554 4549057 4576916 4601371 4622902 4641991 4658822 4674089 4687721 4699912 4710989 4720836 4729691 4737673 4744951 4751463 4757374 4762768 4767695 4772364 4776688 4780608 4784287 4787633 4790651 4793586 4796294 4798781 4801115 4803272 4805234 4807020 4808781 4810401 4811967 4813422 4814795 4816073 4817344 4818478 4819589 4820647 4821668 4822575 4823445 4824301 4825081 4825855 4826601 4827340 4828025 4828627 4829209 4829763 4830330 4830909 4831434 4831970 4832512 4832967 4833399 4833849 4834251 4834657 4835046 4835425 4835761 4836083 4836425 4836715 4837041 4837361 4837631 4837912 4838200 4838452 4838715 4838955 4839206 4839447 4839656 4839870 4840067 4840261 4840459 4840640 4840833 4841018 4841193 4841383 4841555 4841719 4841904 4842079 4842222 4842369 4842498 4842632 4842754 4842882 4842988 4843094 4843226 4843334 4843467 4843571 4843674 4843790 4843886 4843994 4844092 4844186 4844268 4844356 4844461 4844557 4844647 4844717 4844804 4844868 4844955 4845026 4845107 4845173 4845247 4845305 4845359 4845421 4845485 4845545 4845593 4845650 4845703 4845754 4845804 4845857 4845902 4845950 4845991 4846037 4846081 4846118 4846160 4846206 4846248 4846292 4846329 4846373 4846413 4846453 4846488 4846529 4846558 4846596 4846631 4846658 4846695 4846728 4846758 4846783 4846808 4846828 4846855 4846877 4846907 4846927 4846946 4846963 4846984 4847008 4847031 4847054 4847072 4847096 4847114 4847128 4847142 4847155 4847167 4847181 4847190 4847203 4847216 4847228 4847240 4847254 4847264 4847276 4847286 4847295 4847302 4847311 4847322 4847333 4847342 4847350 4847359 4847366 4847374 4847383 4847391 4847398 4847406 4847413 4847422 4847428 4847433 4847437 4847441 4847445 4847450 4847454 4847459 4847463 4847467 4847471 4847478 4847483 4847487 4847491 4847496 4847502 4847506 4847511 4847515 4847519 4847521 4847523 4847525 4847527 4847529 4847531 4847533 4847535 4847537 4847539 4847541 4847543 4847546 4847548 4847550 4847552 4847554 4847557 4847559 4847561 4847563 4847565 4847567 4847569 4847571
iter 6: 2093156 2787995 3204146 3490835 3702945 3867818 3999144 4106854 4196771 4272382 4336367 4391532 4439189 4480467 4516581 4548339 4575970 4600659 4621903 4641133 4658222 4673537 4686987 4699197 4709897 4719746 4728639 4736846 4744077 4750692 4756695 4762231 4767316 4771933 4776013 4779987 4783443 4786835 4789885 4792828 4795506 4798014 4800289 4802435 4804470 4806320 4808112 4809887 4811566 4813171 4814618 4815891 4817104 4818267 4819399 4820469 4821432 4822390 4823229 4824086 4824891 4825671 4826390 4827126 4827793 4828408 4829038 4829660 4830269 4830798 4831330 4831854 4832295 4832739 4833187 4833613 4834002 4834405 4834791 4835159 4835556 4835892 4836199 4836520 4836831 4837132 4837446 4837741 4838032 4838275 4838506 4838749 4839005 4839232 4839475 4839690 4839937 4840149 4840348 4840549 4840737 4840927 4841128 4841313 4841475 4841670 4841828 4841994 4842146 4842285 4842432 4842557 4842676 4842826 4842953 4843067 4843186 4843303 4843414 4843535 4843641 4843753 4843866 4843991 4844111 4844221 4844317 4844413 4844505 4844616 4844705 4844790 4844887 4844978 4845063 4845149 4845222 4845296 4845368 4845449 4845513 4845575 4845632 4845689 4845737 4845791 4845845 4845895 4845945 4845998 4846047 4846098 4846149 4846198 4846240 4846284 4846325 4846360 4846396 4846435 4846474 4846512 4846549 4846584 4846614 4846648 4846681 4846711 4846739 4846763 4846792 4846817 4846840 4846865 4846890 4846911 4846938 4846960 4846981 4847004 4847022 4847048 4847064 4847085 4847101 4847121 4847138 4847153 4847164 4847182 4847198 4847212 4847226 4847241 4847249 4847261 4847270 4847280 4847291 4847301 4847309 4847319 4847330 4847340 4847349 4847361 4847370 4847380 4847391 4847399 4847407 4847417 4847425 4847434 4847445 4847454 4847467 4847474 4847480 4847486 4847490 4847494 4847498 4847503 4847507 4847511 4847514 4847517 4847519 4847522 4847524 4847528 4847530 4847532 4847534 4847537 4847540 4847542 4847544 4847546 4847548 4847551 4847553 4847556 4847559 4847561 4847563 4847565 4847567 4847569 4847571
iter 7: 2095010 2790219 3205482 3491623 3702388 3867187 3998801 4106090 4196077 4272062 4336014 4390930 4438218 4479928 4515722 4547697 4575194 4599551 4621247 4640758 4657989 4672960 4686476 4698860 4709951 4719793 4728759 4736913 4744238 4750888 4756769 4762296 4767268 4771831 4775964 4779797 4783445 4786705 4789859 4792852 4795459 4797961 4800276 4802364 4804357 4806165 4807896 4809570 4811154 4812617 4814031 4815354 4816625 4817822 4818916 4819986 4821032 4821936 4822896 4823753 4824576 4825325 4826084 4826800 4827475 4828162 4828801 4829393 4829981 4830573 4831114 4831623 4832105 4832589 4833052 4833475 4833899 4834289 4834655 4834996 4835337 4835713 4836072 4836437 4836741 4837040 4837312 4837587 4837866 4838138 4838428 4838662 4838894 4839138 4839365 4839588 4839783 4839984 4840174 4840358 4840537 4840725 4840909 4841074 4841238 4841402 4841548 4841709 4841857 4842035 4842170 4842305 4842434 4842577 4842680 4842822 4842938 4843068 4843209 4843312 4843428 4843546 4843657 4843771 4843863 4843975 4844075 4844173 4844263 4844362 4844472 4844564 4844654 4844753 4844828 4844907 4844975 4845055 4845107 4845180 4845254 4845325 4845392 4845455 4845525 4845599 4845671 4845730 4845790 4845844 4845892 4845937 4845991 4846037 4846084 4846133 4846176 4846217 4846257 4846296 4846336 4846370 4846413 4846450 4846486 4846521 4846554 4846585 4846621 4846654 4846690 4846716 4846740 4846764 4846789 4846819 4846843 4846867 4846893 4846914 4846933 4846959 4846981 4847005 4847025 4847047 4847064 4847080 4847099 4847114 4847129 4847143 4847155 4847169 4847184 4847194 4847206 4847216 4847228 4847241 4847249 4847257 4847269 4847279 4847289 4847299 4847309 4847318 4847328 4847336 4847346 4847354 4847363 4847371 4847380 4847390 4847398 4847405 4847410 4847415 4847420 4847424 4847429 4847433 4847438 4847444 4847449 4847453 4847457 4847461 4847465 4847469 4847474 4847478 4847483 4847489 4847493 4847495 4847498 4847501 4847503 4847506 4847509 4847511 4847514 4847516 4847518 4847520 4847522 4847525 4847527 4847529 4847531 4847534 4847537 4847539 4847541 4847543 4847545 4847548 4847550 4847552 4847554 4847556 4847558 4847560 4847562 4847564 4847566 4847568 4847570 4847571
iter 8: 2092220 2787605 3204211 3491357 3703144 3867070 3998590 4106147 4195926 4271844 4336437 4391325 4439146 4480849 4516741 4548196 4575991 4600306 4621889 4641119 4658213 4673606 4687361 4699882 4710891 4720749 4729667 4737480 4744750 4751374 4757420 4762788 4767693 4772341 4776438 4780384 4784052 4787407 4790263 4793169 4795815 4798263 4800645 4802826 4804893 4806793 4808481 4810133 4811678 4813149 4814480 4815722 4816996 4818159 4819210 4820194 4821183 4822096 4823004 4823830 4824655 4825457 4826164 4826904 4827599 4828225 4828827 4829408 4829984 4830581 4831150 4831657 4832149 4832656 4833082 4833521 4833970 4834378 4834786 4835148 4835508 4835838 4836173 4836493 4836803 4837088 4837350 4837607 4837890 4838176 4838412 4838629 4838852 4839084 4839320 4839535 4839750 4839950 4840150 4840361 4840559 4840732 4840895 4841072 4841249 4841399 4841586 4841762 4841929 4842085 4842221 4842344 4842472 4842599 4842762 4842885 4842999 4843131 4843252 4843370 4843483 4843594 4843693 4843805 4843918 4844023 4844128 4844233 4844330 4844413 4844513 4844613 4844703 4844781 4844869 4844944 4845017 4845080 4845157 4845230 4845293 4845357 4845437 4845494 4845554 4845615 4845671 4845718 4845768 4845821 4845868 4845918 4845970 4846017 4846067 4846110 4846162 4846209 4846254 4846302 4846343 4846377 4846418 4846457 4846493 4846521 4846559 4846599 4846634 4846664 4846696 4846721 4846752 4846785 4846810 4846835 4846858 4846883 4846907 4846932 4846955 4846975 4846995 4847013 4847032 4847053 4847075 4847091 4847106 4847121 4847139 4847156 4847177 4847189 4847203 4847219 4847230 4847239 4847250 4847265 4847279 4847295 4847305 4847315 4847329 4847341 4847350 4847359 4847371 4847381 4847391 4847401 4847411 4847419 4847429 4847438 4847444 4847453 4847461 4847468 4847474 4847481 4847486 4847490 4847493 4847498 4847504 4847508 4847512 4847517 4847521 4847523 4847525 4847527 4847529 4847531 4847534 4847536 4847538 4847540 4847542 4847544 4847546 4847548 4847550 4847552 4847554 4847556 4847558 4847560 4847562 4847564 4847566 4847569 4847571
iter 9: 2092034 2788808 3206405 3493022 3704095 3869173 4000713 4108985 4198447 4274139 4338422 4393556 4441182 4482172 4518396 4550014 4577738 4601978 4623425 4642311 4659364 4674381 4688117 4700293 4711152 4720940 4729529 4737425 4744662 4751288 4757312 4762603 4767684 4772239 4776315 4780130 4783625 4786997 4790057 4792960 4795638 4798043 4800248 4802479 4804488 4806359 4808207 4809892 4811457 4812940 4814316 4815613 4816881 4818046 4819154 4820193 4821091 4821996 4822843 4823709 4824515 4825284 4826083 4826744 4827414 4828082 4828695 4829313 4829913 4830485 4831035 4831533 4832035 4832522 4833002 4833436 4833860 4834267 4834639 4834986 4835340 4835650 4835965 4836308 4836636 4836931 4837223 4837527 4837807 4838082 4838350 4838585 4838837 4839070 4839334 4839571 4839779 4839993 4840213 4840420 4840607 4840796 4841000 4841163 4841315 4841487 4841656 4841828 4841974 4842147 4842298 4842454 4842574 4842711 4842828 4842946 4843078 4843204 4843333 4843437 4843552 4843675 4843775 4843881 4843980 4844084 4844179 4844280 4844367 4844442 4844537 4844633 4844702 4844790 4844867 4844937 4845022 4845095 4845170 4845239 4845309 4845364 4845426 4845494 4845552 4845624 4845680 4845738 4845790 4845837 4845891 4845938 4845990 4846045 4846091 4846142 4846189 4846230 4846274 4846306 4846338 4846379 4846415 4846453 4846489 4846517 4846549 4846583 4846620 4846653 4846686 4846716 4846746 4846776 4846809 4846836 4846857 4846879 4846905 4846928 4846950 4846976 4847002 4847022 4847039 4847056 4847072 4847091 4847109 4847125 4847139 4847151 4847169 4847180 4847192 4847205 4847216 4847232 4847242 4847255 4847264 4847277 4847289 4847301 4847313 4847326 4847336 4847347 4847359 4847367 4847379 4847391 4847399 4847410 4847418 4847425 4847433 4847442 4847449 4847457 4847466 4847472 4847476 4847481 4847487 4847491 4847496 4847498 4847500 4847502 4847505 4847507 4847510 4847513 4847516 4847519 4847521 4847523 4847525 4847527 4847529 4847531 4847533 4847537 4847539 4847542 4847544 4847546 4847548 4847550 4847553 4847555 4847558 4847560 4847562 4847564 4847566 4847568 4847570 4847571
iter 10: 2093934 2790205 3206932 3493337 3705172 3869518 4001090 4108417 4197818 4273779 4337863 4392793 4440111 4481163 4516558 4547957 4575327 4599653 4621396 4640812 4658200 4673638 4687247 4699427 4710464 4720205 4729147 4737274 4744579 4751255 4757195 4762601 4767465 4772038 4776255 4780111 4783567 4786879 4789875 4792745 4795413 4797807 4800075 4802144 4804046 4805942 4807686 4809340 4810957 4812462 4813863 4815195 4816435 4817654 4818813 4819813 4820796 4821749 4822663 4823504 4824308 4825118 4825897 4826646 4827268 4827928 4828558 4829144 4829783 4830353 4830909 4831434 4831929 4832414 4832898 4833327 4833787 4834218 4834612 4834972 4835361 4835751 4836073 4836405 4836730 4837023 4837325 4837594 4837865 4838156 4838431 4838687 4838922 4839144 4839370 4839568 4839782 4839998 4840182 4840370 4840567 4840756 4840935 4841127 4841330 4841524 4841678 4841865 4842026 4842176 4842325 4842473 4842611 4842756 4842867 4843000 4843134 4843245 4843358 4843475 4843593 4843694 4843810 4843920 4844026 4844127 4844240 4844354 4844451 4844539 4844632 4844719 4844809 4844891 4844967 4845045 4845114 4845184 4845252 4845338 4845412 4845485 4845553 4845633 4845677 4845726 4845782 4845831 4845881 4845933 4845980 4846019 4846064 4846107 4846153 4846204 4846238 4846272 4846310 4846350 4846385 4846430 4846465 4846501 4846532 4846570 4846606 4846637 4846669 4846698 4846731 4846757 4846787 4846815 4846839 4846869 4846901 4846922 4846944 4846967 4846989 4847010 4847028 4847049 4847068 4847084 4847099 4847123 4847134 4847145 4847159 4847172 4847186 4847199 4847216 4847237 4847248 4847261 4847274 4847284 4847295 4847306 4847317 4847328 4847339 4847349 4847358 4847371 4847383 4847394 4847404 4847414 4847422 4847434 4847443 4847450 4847462 4847470 4847478 4847484 4847491 4847495 4847500 4847504 4847506 4847508 4847512 4847515 4847517 4847519 4847522 4847525 4847527 4847529 4847532 4847535 4847537 4847539 4847541 4847543 4847545 4847547 4847549 4847551 4847553 4847555 4847557 4847559 4847561 4847563 4847565 4847567 4847569 4847571
iter 11: 2095112 2789283 3206169 3491704 3704010 3868898 4001291 4108995 4198940 4274861 4338999 4394012 4441802 4483322 4519505 4551098 4578746 4602772 4624408 4643402 4660271 4675236 4688772 4701129 4711858 4721609 4730157 4738117 4745296 4751875 4757950 4763505 4768456 4773113 4777255 4781023 4784611 4787863 4790899 4793640 4796282 4798824 4801070 4803200 4805218 4807045 4808729 4810300 4811787 4813226 4814600 4815844 4817080 4818184 4819233 4820270 4821248 4822156 4823101 4823957 4824791 4825544 4826296 4827007 4827674 4828301 4828912 4829497 4830058 4830609 4831093 4831579 4832055 4832519 4832948 4833383 4833799 4834191 4834598 4835015 4835362 4835715 4836051 4836360 4836642 4836947 4837289 4837592 4837866 4838127 4838384 4838621 4838878 4839130 4839354 4839583 4839812 4840033 4840233 4840413 4840618 4840809 4840993 4841167 4841323 4841507 4841680 4841839 4841991 4842141 4842286 4842429 4842558 4842686 4842842 4842978 4843111 4843237 4843339 4843437 4843560 4843663 4843780 4843894 4843988 4844087 4844175 4844266 4844355 4844449 4844534 4844632 4844718 4844801 4844891 4844969 4845035 4845104 4845166 4845249 4845309 4845379 4845438 4845500 4845561 4845614 4845666 4845716 4845772 4845820 4845873 4845929 4845976 4846026 4846063 4846110 4846148 4846188 4846232 4846276 4846313 4846349 4846385 4846419 4846459 4846494 4846526 4846566 4846602 4846636 4846674 4846712 4846739 4846768 4846799 4846833 4846858 4846881 4846904 4846932 4846954 4846975 4846995 4847018 4847037 4847059 4847077 4847094 4847110 4847127 4847144 4847160 4847177 4847187 4847205 4847222 4847236 4847244 4847255 4847268 4847279 4847291 4847302 4847313 4847325 4847336 4847346 4847353 4847367 4847376 4847385 4847394 4847405 4847411 4847417 4847426 4847433 4847439 4847446 4847455 4847462 4847470 4847477 4847482 4847487 4847491 4847495 4847499 4847505 4847510 4847514 4847518 4847523 4847525 4847527 4847529 4847531 4847533 4847536 4847538 4847540 4847542 4847544 4847546 4847548 4847550 4847552 4847554 4847556 4847558 4847560 4847562 4847564 4847566 4847569 4847571
iter 12: 2090773 2787669 3206124 3491484 3703407 3868632 3999971 4107773 4198012 4273491 4337508 4392396 4439766 4481372 4517721 4549197 4576936 4601440 4622931 4642087 4659197 4674262 4688022 4700198 4711040 4720956 4729716 4737704 4745015 4751510 4757576 4763101 4768079 4772697 4776882 4780763 4784317 4787661 4790731 4793580 4796185 4798605 4800908 4803180 4805154 4807065 4808815 4810434 4811926 4813401 4814746 4816034 4817229 4818374 4819468 4820557 4821503 4822415 4823295 4824113 4824916 4825703 4826415 4827097 4827802 4828472 4829124 4829719 4830292 4830884 4831400 4831939 4832408 4832898 4833309 4833717 4834140 4834528 4834916 4835254 4835585 4835932 4836253 4836556 4836849 4837151 4837419 4837724 4838006 4838286 4838526 4838785 4839040 4839299 4839527 4839745 4839946 4840119 4840322 4840510 4840688 4840876 4841044 4841219 4841391 4841574 4841728 4841882 4842038 4842181 4842327 4842462 4842604 4842724 4842843 4842969 4843087 4843204 4843305 4843398 4843500 4843597 4843715 4843819 4843922 4844034 4844129 4844220 4844314 4844393 4844486 4844564 4844649 4844739 4844829 4844912 4844986 4845066 4845136 4845213 4845288 4845362 4845427 4845500 4845574 4845641 4845696 4845755 4845810 4845865 4845920 4845973 4846032 4846081 4846132 4846176 4846224 4846268 4846305 4846340 4846379 4846420 4846463 4846500 4846539 4846573 4846604 4846634 4846662 4846690 4846714 4846743 4846771 4846795 4846820 4846854 4846880 4846911 4846937 4846959 4846990 4847018 4847039 4847059 4847079 4847099 4847119 4847135 4847152 4847172 4847184 4847198 4847212 4847223 4847236 4847250 4847262 4847274 4847286 4847296 4847305 4847312 4847319 4847327 4847334 4847342 4847348 4847358 4847366 4847372 4847381 4847389 4847398 4847406 4847414 4847421 4847429 4847437 4847443 4847450 4847457 4847463 4847470 4847476 4847481 4847484 4847486 4847488 4847490 4847492 4847494 4847496 4847498 4847500 4847503 4847505 4847507 4847509 4847511 4847513 4847515 4847517 4847519 4847521 4847523 4847525 4847527 4847529 4847531 4847533 4847535 4847538 4847540 4847542 4847544 4847546 4847548 4847550 4847552 4847554 4847556 4847558 4847560 4847562 4847565 4847567 4847569 4847571
iter 13: 2093602 2790029 3205707 3492250 3704268 3867722 3998799 4106533 4196195 4271365 4336049 4391271 4438788 4479902 4516087 4547606 4575519 4600146 4621898 4641185 4658302 4673714 4687254 4699253 4710084 4719906 4728901 4737126 4744489 4751133 4757184 4762692 4767665 4772309 4776631 4780594 4784129 4787462 4790505 4793367 4795985 4798478 4800749 4802894 4804949 4806779 4808556 4810160 4811677 4813096 4814421 4815732 4816932 4818056 4819098 4820129 4821133 4822125 4822997 4823906 4824728 4825516 4826259 4826938 4827627 4828263 4828871 4829496 4830091 4830674 4831203 4831741 4832235 4832682 4833158 4833608 4834011 4834441 4834835 4835197 4835550 4835922 4836234 4836556 4836857 4837134 4837434 4837717 4837991 4838255 4838488 4838743 4838988 4839221 4839430 4839648 4839848 4840046 4840262 4840460 4840649 4840816 4840984 4841175 4841353 4841517 4841666 4841806 4841963 4842121 4842289 4842431 4842577 4842704 4842834 4842959 4843073 4843189 4843325 4843449 4843559 4843674 4843791 4843903 4844006 4844116 4844213 4844316 4844398 4844501 4844587 4844679 4844762 4844839 4844926 4845012 4845096 4845165 4845239 4845316 4845389 4845458 4845523 4845584 4845654 4845722 4845784 4845843 4845899 4845951 4846001 4846058 4846111 4846160 4846208 4846246 4846289 4846326 4846363 4846404 4846439 4846482 4846520 4846556 4846591 4846623 4846652 4846683 4846720 4846754 4846788 4846821 4846847 4846874 4846900 4846925 4846949 4846973 4846991 4847010 4847030 4847047 4847063 4847080 4847097 4847114 4847131 4847147 4847166 4847180 4847195 4847212 4847227 4847242 4847256 4847270 4847282 4847296 4847307 4847315 4847322 4847330 4847337 4847343 4847352 4847359 4847366 4847373 4847379 4847385 4847394 4847400 4847407 4847415 4847421 4847429 4847436 4847442 4847448 4847459 4847467 4847473 4847479 4847487 4847494 4847500 4847508 4847513 4847516 4847519 4847521 4847523 4847525 4847527 4847529 4847531 4847533 4847536 4847539 4847541 4847543 4847546 4847548 4847550 4847553 4847556 4847558 4847561 4847563 4847565 4847567 4847569 4847571
iter 14: 2092388 2788604 3206786 3492475 3705028 3869115 4000538 4108359 4198033 4274069 4338377 4393693 4441363 4482711 4518475 4549866 4577450 4601642 4623231 4642140 4659185 4674290 4687984 4700219 4711121 4720676 4729736 4737657 4744927 4751431 4757472 4762950 4767841 4772424 4776710 4780554 4784087 4787353 4790453 4793266 4795996 4798522 4800817 4802912 4804901 4806752 4808531 4810131 4811688 4813149 4814561 4815862 4817044 4818222 4819370 4820412 4821363 4822335 4823261 4824111 4824989 4825801 4826526 4827166 4827887 4828547 4829167 4829786 4830362 4830930 4831478 4831977 4832456 4832914 4833371 4833809 4834245 4834640 4835026 4835386 4835745 4836051 4836394 4836700 4837019 4837335 4837630 4837911 4838172 4838421 4838678 4838916 4839151 4839388 4839602 4839812 4840033 4840251 4840462 4840656 4840862 4841052 4841237 4841421 4841597 4841767 4841908 4842042 4842183 4842332 4842471 4842603 4842742 4842873 4843000 4843122 4843238 4843355 4843462 4843565 4843653 4843749 4843850 4843954 4844048 4844155 4844244 4844331 4844420 4844504 4844594 4844693 4844766 4844836 4844910 4844987 4845064 4845141 4845222 4845292 4845361 4845426 4845479 4845536 4845605 4845656 4845703 4845764 4845819 4845868 4845921 4845970 4846018 4846065 4846104 4846148 4846191 4846244 4846289 4846329 4846363 4846408 4846453 4846490 4846530 4846563 4846602 4846639 4846676 4846710 4846740 4846780 4846804 4846830 4846860 4846886 4846909 4846938 4846963 4846984 4847009 4847031 4847051 4847074 4847093 4847117 4847135 4847157 4847173 4847195 4847207 4847221 4847237 4847249 4847259 4847270 4847282 4847294 4847306 4847319 4847331 4847340 4847353 4847365 4847374 4847383 4847389 4847396 4847403 4847411 4847419 4847426 4847436 4847444 4847453 4847459 4847465 4847470 4847474 4847480 4847485 4847489 4847494 4847497 4847500 4847502 4847505 4847507 4847509 4847512 4847514 4847516 4847519 4847521 4847523 4847526 4847528 4847530 4847532 4847534 4847536 4847538 4847540 4847543 4847545 4847547 4847549 4847551 4847553 4847555 4847557 4847559 4847561 4847563 4847565 4847567 4847569 4847571
iter 15: 2092069 2787308 3204451 3491659 3702393 3866874 3998343 4106810 4197143 4272674 4337053 4392193 4439593 4480906 4517149 4548939 4576934 4601657 4623175 4642335 4659391 4674699 4688236 4700387 4711363 4721072 4729982 4738045 4745261 4751816 4757769 4763247 4768083 4772640 4776893 4780814 4784424 4787786 4790890 4793673 4796309 4798829 4801070 4803227 4805296 4807148 4808851 4810440 4811952 4813376 4814741 4816063 4817260 4818371 4819412 4820463 4821460 4822393 4823270 4824099 4824900 4825677 4826438 4827176 4827872 4828558 4829171 4829738 4830312 4830851 4831390 4831896 4832376 4832831 4833260 4833712 4834150 4834563 4834954 4835334 4835695 4836049 4836382 4836707 4836983 4837290 4837591 4837854 4838126 4838408 4838683 4838954 4839168 4839390 4839613 4839831 4840044 4840238 4840444 4840653 4840840 4841020 4841185 4841356 4841528 4841706 4841862 4842026 4842185 4842330 4842471 4842603 4842735 4842883 4843002 4843107 4843215 4843331 4843445 4843558 4843670 4843775 4843876 4843993 4844102 4844190 4844279 4844373 4844470 4844553 4844641 4844723 4844816 4844885 4844963 4845036 4845105 4845184 4845250 4845325 4845406 4845462 4845518 4845571 4845628 4845682 4845738 4845797 4845856 4845909 4845964 4846020 4846063 4846113 4846161 4846205 4846247 4846290 4846325 4846366 4846407 4846441 4846484 4846514 4846552 4846588 4846623 4846649 4846674 4846701 4846722 4846748 4846776 4846803 4846826 4846856 4846882 4846899 4846927 4846950 4846970 4846990 4847012 4847038 4847058 4847077 4847101 4847116 4847136 4847151 4847168 4847183 4847198 4847207 4847221 4847231 4847243 4847255 4847268 4847279 4847290 4847301 4847311 4847322 4847331 4847342 4847353 4847362 4847371 4847383 4847393 4847401 4847408 4847417 4847425 4847431 4847437 4847445 4847451 4847459 4847466 4847474 4847481 4847489 4847495 4847501 4847505 4847509 4847512 4847514 4847516 4847518 4847520 4847522 4847524 4847526 4847528 4847530 4847532 4847534 4847536 4847538 4847541 4847544 4847546 4847548 4847550 4847552 4847554 4847556 4847558 4847560 4847562 4847564 4847566 4847568 4847570 4847571
iter 16: 2092418 2788065 3205183 3491512 3704545 3869010 4000588 4108388 4198221 4273967 4338044 4393168 4440678 4481800 4517640 4549309 4577236 4601433 4623046 4642461 4659664 4675085 4688779 4700997 4711860 4721671 4730418 4738375 4745646 4752183 4758226 4763597 4768402 4772935 4777048 4780932 4784597 4787890 4791028 4793812 4796408 4798848 4801091 4803229 4805231 4807132 4808856 4810494 4812032 4813489 4814843 4816089 4817324 4818466 4819607 4820607 4821541 4822457 4823346 4824225 4825002 4825793 4826570 4827259 4827924 4828583 4829203 4829761 4830363 4830896 4831443 4831927 4832377 4832864 4833319 4833737 4834134 4834512 4834921 4835251 4835636 4835970 4836318 4836618 4836927 4837259 4837555 4837844 4838092 4838349 4838619 4838892 4839157 4839388 4839639 4839871 4840081 4840282 4840464 4840660 4840842 4841016 4841203 4841370 4841518 4841686 4841837 4841989 4842127 4842279 4842412 4842560 4842697 4842813 4842943 4843067 4843192 4843314 4843427 4843541 4843668 4843777 4843874 4843978 4844085 4844184 4844284 4844381 4844481 4844576 4844666 4844745 4844830 4844914 4844989 4845070 4845148 4845215 4845289 4845359 4845436 4845501 4845558 4845618 4845684 4845758 4845812 4845866 4845921 4845977 4846014 4846059 4846113 4846158 4846197 4846241 4846290 4846337 4846387 4846427 4846462 4846495 4846535 4846571 4846609 4846648 4846680 4846708 4846747 4846781 4846811 4846837 4846854 4846874 4846891 4846910 4846933 4846960 4846977 4846996 4847016 4847038 4847058 4847076 4847091 4847106 4847123 4847136 4847155 4847171 4847185 4847198 4847208 4847223 4847235 4847248 4847258 4847268 4847279 4847289 4847299 4847311 4847321 4847333 4847345 4847355 4847363 4847373 4847383 4847393 4847401 4847409 4847417 4847424 4847431 4847438 4847444 4847454 4847460 4847465 4847470 4847475 4847479 4847484 4847488 4847490 4847492 4847494 4847496 4847499 4847501 4847503 4847505 4847507 4847509 4847511 4847513 4847515 4847519 4847522 4847524 4847526 4847529 4847531 4847533 4847535 4847537 4847539 4847541 4847544 4847546 4847548 4847551 4847553 4847555 4847557 4847559 4847561 4847563 4847565 4847567 4847569 4847571
iter 17: 2091602 2788881 3207162 3493286 3704689 3868842 4000488 4108145 4197824 4272976 4337377 4392532 4440559 4481796 4518065 4549760 4577472 4602018 4623501 4642576 4660006 4675126 4688780 4700732 4711720 4721482 4730273 4738253 4745436 4751993 4758086 4763419 4768348 4772838 4777012 4780843 4784300 4787557 4790557 4793391 4795976 4798390 4800697 4802801 4804773 4806642 4808442 4810054 4811571 4812927 4814287 4815568 4816782 4817947 4819088 4820110 4821062 4822023 4822936 4823783 4824628 4825423 4826201 4826935 4827638 4828309 4828943 4829581 4830166 4830726 4831250 4831749 4832255 4832703 4833148 4833620 4834034 4834454 4834851 4835228 4835563 4835890 4836231 4836564 4836856 4837137 4837439 4837734 4838004 4838237 4838486 4838727 4839002 4839204 4839433 4839667 4839888 4840104 4840311 4840525 4840733 4840937 4841127 4841321 4841489 4841659 4841814 4841968 4842123 4842268 4842408 4842552 4842681 4842827 4842968 4843084 4843203 4843329 4843425 4843528 4843633 4843756 4843883 4843979 4844072 4844170 4844257 4844337 4844427 4844523 4844616 4844709 4844794 4844879 4844969 4845053 4845120 4845190 4845250 4845311 4845385 4845454 4845514 4845577 4845634 4845693 4845751 4845805 4845858 4845905 4845951 4846001 4846058 4846101 4846139 4846182 4846216 4846253 4846290 4846333 4846370 4846402 4846433 4846469 4846505 4846539 4846577 4846608 4846640 4846674 4846698 4846728 4846753 4846778 4846801 4846825 4846853 4846882 4846910 4846932 4846955 4846976 4846993 4847013 4847035 4847055 4847073 4847094 4847106 4847122 4847133 4847144 4847158 4847173 4847185 4847196 4847207 4847216 4847227 4847238 4847249 4847265 4847278 4847289 4847300 4847312 4847324 4847333 4847343 4847356 4847366 4847377 4847388 4847398 4847410 4847421 4847432 4847447 4847456 4847465 4847474 4847487 4847493 4847500 4847506 4847511 4847515 4847522 4847526 4847529 4847532 4847537 4847539 4847541 4847543 4847546 4847548 4847550 4847554 4847556 4847558 4847560 4847562 4847564 4847566 4847568 4847571
iter 18: 2092263 2788471 3205081 3491701 3704171 3867844 3999143 4107255 4197002 4272813 4337050 4391910 4439619 4480888 4517163 4548684 4576487 4601170 4622759 4641801 4658748 4673774 4687397 4699559 4710547 4720245 4729043 4736987 4744205 4750698 4756700 4762179 4767060 4771589 4775925 4779837 4783347 4786728 4789741 4792649 4795375 4797864 4800142 4802309 4804298 4806138 4807881 4809507 4811003 4812417 4813779 4815085 4816323 4817477 4818617 4819698 4820723 4821734 4822633 4823487 4824284 4825040 4825763 4826482 4827159 4827811 4828444 4829035 4829626 4830215 4830785 4831338 4831838 4832310 4832781 4833257 4833721 4834123 4834507 4834898 4835275 4835633 4835989 4836309 4836655 4836933 4837222 4837502 4837779 4838066 4838338 4838579 4838838 4839065 4839297 4839540 4839761 4839990 4840198 4840420 4840610 4840781 4840955 4841109 4841255 4841424 4841588 4841743 4841910 4842059 4842216 4842346 4842482 4842608 4842720 4842844 4842975 4843084 4843196 4843326 4843446 4843575 4843698 4843796 4843902 4844006 4844111 4844214 4844310 4844405 4844504 4844584 4844666 4844743 4844827 4844902 4844981 4845059 4845127 4845192 4845257 4845319 4845380 4845439 4845502 4845569 4845627 4845687 4845748 4845810 4845860 4845911 4845962 4846014 4846063 4846104 4846155 4846204 4846239 4846285 4846322 4846363 4846397 4846433 4846469 4846512 4846547 4846584 4846626 4846667 4846697 4846730 4846754 4846779 4846811 4846839 4846862 4846886 4846906 4846928 4846950 4846968 4846987 4847005 4847026 4847045 4847058 4847076 4847088 4847105 4847121 4847132 4847147 4847161 4847172 4847188 4847199 4847209 4847221 4847232 4847242 4847253 4847267 4847278 4847288 4847300 4847313 4847324 4847337 4847346 4847354 4847365 4847377 4847387 4847397 4847409 4847422 4847437 4847447 4847458 4847467 4847475 4847485 4847493 4847499 4847504 4847510 4847513 4847518 4847523 4847528 4847532 4847536 4847540 4847544 4847548 4847553 4847556 4847559 4847561 4847563 4847565 4847569 4847571
iter 19: 2093387 2787897 3205746 3492606 3704128 3868697 4000234 4108075 4197580 4273357 4337404 4392291 4439884 4481103 4517201 4548581 4576198 4600992 4622674 4641802 4658882 4674034 4687638 4699667 4710733 4720568 4729266 4737153 4744430 4750985 4757049 4762363 4767578 4772224 4776390 4780290 4783977 4787202 4790359 4793173 4795855 4798325 4800565 4802799 4804842 4806667 4808484 4810087 4811571 4813010 4814388 4815665 4816959 4818080 4819191 4820154 4821173 4822115 4823071 4823885 4824732 4825535 4826230 4826950 4827615 4828287 4828960 4829535 4830125 4830653 4831229 4831721 4832231 4832670 4833094 4833531 4833978 4834367 4834771 4835137 4835483 4835814 4836160 4836483 4836797 4837098 4837382 4837672 4837959 4838214 4838469 4838730 4838952 4839190 4839418 4839618 4839826 4840038 4840254 4840472 4840652 4840838 4841031 4841214 4841388 4841575 4841726 4841881 4842046 4842193 4842323 4842452 4842586 4842722 4842844 4842986 4843091 4843202 4843325 4843462 4843584 4843706 4843805 4843915 4844023 4844119 4844219 4844326 4844430 4844537 4844633 4844725 4844822 4844908 4844991 4845065 4845145 4845208 4845266 4845331 4845397 4845465 4845540 4845602 4845658 4845713 4845779 4845838 4845899 4845960 4846007 4846059 4846096 4846139 4846188 4846224 4846269 4846310 4846351 4846394 4846429 4846466 4846502 4846538 4846575 4846605 4846635 4846664 4846692 4846727 4846760 4846791 4846815 4846840 4846860 4846888 4846915 4846938 4846955 4846980 4847003 4847026 4847049 4847067 4847085 4847105 4847128 4847143 4847156 4847172 4847186 4847201 4847214 4847231 4847247 4847260 4847271 4847282 4847292 4847304 4847312 4847324 4847338 4847347 4847360 4847369 4847380 4847389 4847398 4847407 4847416 4847425 4847434 4847441 4847447 4847453 4847459 4847463 4847468 4847474 4847479 4847483 4847487 4847489 4847492 4847495 4847497 4847499 4847502 4847506 4847508 4847510 4847512 4847514 4847517 4847519 4847522 4847525 4847527 4847529 4847531 4847533 4847535 4847540 4847544 4847547 4847550 4847552 4847554 4847557 4847559 4847561 4847563 4847565 4847567 4847569 4847571

Test time [ms]:3862.19
Program duration [ms]: 31036