Graph Coloring - v1.0.0
Graph Representation: Compressed Sparse Row
Coloring Algorithm: Parallel Jones-Plassmann (CUDA) 

Loading graph from /home/cardone/Desktop/graphs/gra/soc-LiveJournal1.gra
Graph succesfully loaded from file.
V: 4847571, E: 85702474, maxD: 20333, minD: 0, avgD: 17.6795
Init time [ms]: 3254.9
========================================================
1	num-cols: 483 	========================================================
2	num-cols: 523 	========================================================
3	num-cols: 452 	========================================================
4	num-cols: 524 	========================================================
5	num-cols: 496 	========================================================
6	num-cols: 510 	========================================================
7	num-cols: 511 	========================================================
8	num-cols: 485 	========================================================
9	num-cols: 498 	========================================================
10	num-cols: 492 	========================================================
11	num-cols: 529 	========================================================
12	num-cols: 500 	========================================================
13	num-cols: 514 	========================================================
14	num-cols: 537 	========================================================
15	num-cols: 487 	========================================================
16	num-cols: 468 	========================================================
17	num-cols: 483 	========================================================
18	num-cols: 516 	========================================================
19	num-cols: 525 	========================================================
20	num-cols: 551 	========================================================
Timings [ms]
Avg random vector initialization time: 25.6653
Avg allocation time: 0.6938
Avg upload time: 32.6786
Avg process time: 1960.35
Avg download time: 1.68985
Avg total time: 1995.41
Inner total time (start to end function): 40168.6
Reset total time: 513.307
Process total time: 39908.2
Avg number colors: 504
Colors per iteration:
iter 0: 1047538 1802022 2305628 2660220 2926102 3134733 3305100 3446912 3568169 3672308 3764176 3845370 3917821 3982483 4041101 4094365 4142569 4186677 4227156 4264189 4298486 4330315 4359537 4386868 4412002 4435319 4457062 4477146 4496140 4514074 4530747 4546165 4560751 4574396 4587176 4598824 4610042 4620988 4630832 4640430 4649236 4657352 4665457 4672933 4680001 4686656 4693049 4698939 4704600 4709912 4714915 4719591 4724073 4728352 4732350 4736226 4739976 4743497 4746878 4750166 4753277 4756220 4759079 4761799 4764430 4766906 4769322 4771607 4773821 4775935 4777966 4779891 4781711 4783443 4785174 4786819 4788364 4789871 4791318 4792760 4794145 4795495 4796841 4798048 4799180 4800314 4801420 4802458 4803422 4804424 4805374 4806305 4807130 4808010 4808884 4809688 4810486 4811258 4811985 4812731 4813449 4814117 4814770 4815473 4816097 4816700 4817256 4817827 4818389 4818910 4819407 4819911 4820428 4820892 4821350 4821829 4822271 4822758 4823192 4823631 4824049 4824466 4824858 4825246 4825652 4825998 4826387 4826748 4827070 4827410 4827767 4828077 4828399 4828695 4828983 4829264 4829586 4829878 4830160 4830449 4830712 4831000 4831264 4831522 4831757 4832022 4832263 4832469 4832712 4832936 4833167 4833384 4833603 4833821 4834048 4834274 4834478 4834673 4834861 4835060 4835235 4835429 4835612 4835782 4835957 4836124 4836271 4836420 4836585 4836738 4836892 4837032 4837173 4837304 4837437 4837598 4837747 4837896 4838023 4838153 4838260 4838386 4838523 4838649 4838778 4838896 4839025 4839145 4839279 4839396 4839504 4839612 4839733 4839854 4839970 4840081 4840168 4840271 4840361 4840474 4840576 4840670 4840765 4840850 4840949 4841054 4841153 4841235 4841322 4841427 4841521 4841617 4841696 4841768 4841835 4841907 4841977 4842048 4842115 4842186 4842265 4842335 4842403 4842487 4842552 4842619 4842692 4842768 4842833 4842906 4842979 4843037 4843102 4843177 4843234 4843289 4843342 4843394 4843446 4843512 4843561 4843617 4843673 4843722 4843781 4843850 4843894 4843949 4844007 4844057 4844125 4844174 4844228 4844279 4844342 4844398 4844442 4844491 4844534 4844583 4844626 4844666 4844713 4844755 4844797 4844835 4844876 4844914 4844955 4844994 4845029 4845064 4845100 4845135 4845166 4845199 4845226 4845263 4845295 4845326 4845362 4845395 4845426 4845459 4845489 4845512 4845544 4845576 4845603 4845633 4845660 4845687 4845713 4845740 4845765 4845792 4845813 4845841 4845867 4845893 4845918 4845946 4845967 4845987 4846012 4846036 4846059 4846083 4846104 4846125 4846146 4846167 4846185 4846207 4846226 4846243 4846267 4846291 4846311 4846335 4846357 4846376 4846400 4846419 4846436 4846457 4846478 4846497 4846512 4846530 4846547 4846568 4846583 4846602 4846619 4846634 4846655 4846668 4846689 4846703 4846717 4846730 4846744 4846757 4846769 4846781 4846793 4846807 4846817 4846828 4846836 4846848 4846861 4846871 4846882 4846894 4846907 4846917 4846930 4846941 4846952 4846959 4846969 4846979 4846989 4847003 4847014 4847023 4847033 4847045 4847056 4847064 4847073 4847080 4847087 4847095 4847104 4847113 4847120 4847127 4847133 4847139 4847145 4847153 4847158 4847164 4847172 4847181 4847188 4847197 4847203 4847213 4847221 4847229 4847237 4847243 4847251 4847261 4847269 4847275 4847282 4847287 4847293 4847298 4847304 4847311 4847318 4847324 4847331 4847339 4847345 4847350 4847355 4847359 4847365 4847369 4847374 4847380 4847384 4847389 4847393 4847397 4847403 4847408 4847411 4847415 4847419 4847423 4847427 4847431 4847434 4847437 4847440 4847443 4847446 4847450 4847452 4847454 4847457 4847460 4847463 4847467 4847470 4847474 4847477 4847480 4847483 4847486 4847488 4847490 4847494 4847498 4847502 4847505 4847509 4847512 4847516 4847518 4847521 4847524 4847526 4847529 4847532 4847534 4847537 4847540 4847543 4847545 4847547 4847549 4847552 4847553 4847556 4847557 4847559 4847562 4847564 4847565 4847567 4847568 4847569 4847570 4847571
iter 1: 1048012 1802138 2303265 2658335 2924243 3133294 3302599 3444583 3565473 3670259 3762081 3842675 3915038 3979053 4037364 4090440 4138490 4182675 4223021 4259904 4294176 4325660 4354490 4381791 4407077 4430558 4452438 4473004 4492202 4510067 4526557 4541989 4556516 4570254 4583134 4595223 4606734 4617532 4627843 4637410 4646259 4654693 4662626 4670093 4677268 4683999 4690427 4696276 4701899 4707270 4712413 4717322 4721988 4726470 4730644 4734694 4738558 4742249 4745622 4748886 4752067 4755075 4757916 4760654 4763244 4765745 4768226 4770489 4772671 4774759 4776852 4778767 4780531 4782326 4784074 4785727 4787346 4788844 4790364 4791764 4793076 4794423 4795696 4796948 4798219 4799402 4800499 4801577 4802648 4803680 4804646 4805518 4806399 4807257 4808123 4808941 4809723 4810476 4811235 4811983 4812692 4813343 4814005 4814630 4815271 4815852 4816432 4816979 4817561 4818145 4818658 4819166 4819697 4820214 4820683 4821141 4821605 4822082 4822536 4822983 4823398 4823802 4824197 4824596 4824958 4825354 4825707 4826059 4826407 4826774 4827084 4827454 4827780 4828095 4828409 4828761 4829048 4829338 4829644 4829951 4830221 4830456 4830707 4830964 4831234 4831471 4831702 4831930 4832170 4832414 4832613 4832826 4833028 4833238 4833454 4833657 4833876 4834056 4834257 4834441 4834637 4834821 4835003 4835205 4835367 4835522 4835690 4835857 4836012 4836178 4836334 4836495 4836629 4836789 4836956 4837103 4837271 4837414 4837551 4837701 4837839 4837972 4838117 4838235 4838361 4838500 4838656 4838783 4838907 4839038 4839158 4839287 4839401 4839513 4839636 4839744 4839848 4839964 4840075 4840174 4840275 4840383 4840506 4840595 4840686 4840787 4840878 4840970 4841075 4841154 4841236 4841327 4841417 4841501 4841585 4841662 4841733 4841814 4841893 4841973 4842043 4842110 4842182 4842244 4842318 4842393 4842456 4842522 4842581 4842632 4842697 4842757 4842807 4842859 4842932 4842999 4843059 4843113 4843165 4843214 4843276 4843348 4843410 4843475 4843530 4843596 4843650 4843701 4843757 4843813 4843859 4843917 4843970 4844028 4844086 4844130 4844183 4844236 4844282 4844316 4844363 4844406 4844447 4844488 4844524 4844567 4844608 4844656 4844698 4844737 4844775 4844813 4844851 4844890 4844930 4844969 4844999 4845041 4845073 4845112 4845142 4845170 4845204 4845242 4845277 4845314 4845356 4845392 4845430 4845468 4845497 4845523 4845548 4845573 4845609 4845637 4845674 4845706 4845738 4845760 4845788 4845818 4845845 4845874 4845900 4845939 4845967 4845988 4846009 4846031 4846050 4846073 4846095 4846121 4846143 4846164 4846190 4846216 4846239 4846263 4846282 4846306 4846327 4846353 4846378 4846400 4846426 4846441 4846461 4846476 4846499 4846525 4846544 4846564 4846583 4846602 4846617 4846636 4846656 4846672 4846685 4846711 4846727 4846743 4846762 4846777 4846787 4846805 4846818 4846833 4846851 4846866 4846882 4846892 4846904 4846925 4846941 4846956 4846965 4846980 4846991 4847000 4847009 4847019 4847028 4847041 4847051 4847057 4847067 4847077 4847085 4847096 4847106 4847116 4847128 4847138 4847147 4847156 4847164 4847171 4847179 4847184 4847193 4847202 4847212 4847217 4847224 4847228 4847234 4847241 4847251 4847258 4847263 4847270 4847276 4847281 4847288 4847292 4847300 4847304 4847310 4847314 4847323 4847329 4847334 4847340 4847346 4847350 4847354 4847364 4847368 4847372 4847377 4847383 4847388 4847394 4847399 4847403 4847407 4847413 4847417 4847420 4847427 4847430 4847433 4847436 4847439 4847442 4847445 4847448 4847451 4847454 4847458 4847460 4847463 4847465 4847468 4847470 4847474 4847476 4847481 4847483 4847485 4847488 4847490 4847491 4847492 4847493 4847495 4847496 4847497 4847498 4847499 4847500 4847501 4847502 4847503 4847504 4847505 4847506 4847507 4847508 4847509 4847510 4847511 4847512 4847514 4847515 4847516 4847517 4847518 4847519 4847521 4847522 4847523 4847524 4847525 4847526 4847527 4847528 4847529 4847530 4847531 4847532 4847533 4847534 4847535 4847536 4847537 4847538 4847539 4847540 4847541 4847542 4847543 4847544 4847545 4847546 4847547 4847548 4847549 4847550 4847551 4847552 4847553 4847554 4847555 4847556 4847557 4847558 4847559 4847560 4847561 4847562 4847563 4847564 4847565 4847566 4847567 4847568 4847569 4847570 4847571
iter 2: 1048442 1802584 2304415 2658102 2924708 3134942 3304970 3447023 3567585 3672137 3763321 3844215 3916453 3981245 4040226 4093450 4141971 4186183 4226640 4263539 4298132 4329657 4359104 4386377 4411780 4435020 4456779 4477104 4496325 4514035 4530373 4546079 4560636 4574357 4587124 4598962 4610165 4620626 4630517 4639971 4649053 4657582 4665338 4672720 4679655 4686349 4692830 4698773 4704499 4709803 4714834 4719704 4724382 4728735 4732828 4736800 4740579 4744247 4747716 4750997 4754156 4757095 4759944 4762638 4765267 4767665 4769982 4772182 4774279 4776367 4778319 4780202 4782009 4783728 4785363 4786959 4788522 4790082 4791502 4792902 4794248 4795595 4796825 4798065 4799255 4800358 4801417 4802503 4803576 4804554 4805459 4806353 4807277 4808120 4808899 4809728 4810558 4811324 4812099 4812758 4813465 4814132 4814789 4815418 4816122 4816731 4817269 4817843 4818371 4818920 4819491 4820004 4820519 4821058 4821545 4821981 4822483 4822906 4823345 4823759 4824141 4824544 4824943 4825321 4825688 4826088 4826463 4826812 4827157 4827510 4827878 4828209 4828494 4828829 4829157 4829440 4829738 4830024 4830296 4830590 4830854 4831122 4831396 4831682 4831956 4832210 4832447 4832679 4832902 4833104 4833317 4833545 4833728 4833907 4834120 4834314 4834495 4834710 4834884 4835057 4835222 4835391 4835563 4835735 4835886 4836038 4836221 4836377 4836552 4836707 4836862 4837006 4837155 4837284 4837416 4837562 4837713 4837857 4837989 4838151 4838296 4838435 4838554 4838701 4838826 4838944 4839086 4839203 4839307 4839425 4839554 4839678 4839793 4839898 4840011 4840129 4840242 4840337 4840444 4840542 4840635 4840745 4840848 4840924 4841012 4841090 4841197 4841273 4841355 4841453 4841534 4841622 4841708 4841790 4841883 4841969 4842051 4842119 4842203 4842279 4842344 4842419 4842499 4842576 4842638 4842699 4842775 4842850 4842911 4842979 4843045 4843113 4843184 4843244 4843309 4843377 4843442 4843492 4843557 4843620 4843686 4843744 4843791 4843846 4843909 4843976 4844018 4844068 4844121 4844163 4844219 4844268 4844321 4844371 4844427 4844468 4844516 4844564 4844605 4844647 4844692 4844734 4844787 4844837 4844885 4844921 4844968 4845008 4845049 4845089 4845128 4845175 4845215 4845259 4845292 4845331 4845369 4845406 4845437 4845464 4845500 4845524 4845552 4845585 4845616 4845642 4845666 4845699 4845728 4845767 4845796 4845830 4845863 4845891 4845925 4845955 4845988 4846016 4846042 4846062 4846094 4846125 4846152 4846178 4846200 4846219 4846238 4846258 4846283 4846310 4846327 4846348 4846372 4846392 4846413 4846433 4846455 4846476 4846490 4846509 4846532 4846552 4846576 4846595 4846612 4846631 4846648 4846667 4846682 4846697 4846714 4846730 4846742 4846756 4846767 4846780 4846799 4846813 4846825 4846837 4846847 4846860 4846873 4846889 4846900 4846913 4846929 4846941 4846950 4846960 4846969 4846979 4846990 4846999 4847010 4847019 4847028 4847035 4847042 4847049 4847059 4847069 4847079 4847088 4847095 4847104 4847114 4847120 4847126 4847133 4847141 4847152 4847160 4847169 4847176 4847185 4847192 4847200 4847207 4847218 4847225 4847233 4847241 4847248 4847259 4847267 4847276 4847284 4847291 4847298 4847306 4847314 4847321 4847328 4847335 4847341 4847348 4847357 4847362 4847368 4847373 4847379 4847385 4847391 4847398 4847405 4847412 4847417 4847422 4847428 4847435 4847441 4847446 4847451 4847455 4847459 4847464 4847470 4847476 4847483 4847488 4847494 4847498 4847504 4847509 4847513 4847518 4847521 4847525 4847529 4847536 4847539 4847542 4847544 4847547 4847550 4847552 4847554 4847555 4847556 4847557 4847558 4847561 4847563 4847564 4847565 4847566 4847567 4847568 4847569 4847570 4847571
iter 3: 1047313 1800972 2304381 2658210 2925831 3133554 3303894 3446295 3567698 3673088 3764921 3846266 3918561 3983633 4042072 4095164 4143876 4187823 4228437 4265313 4299355 4330581 4359692 4386939 4412008 4435423 4457219 4477741 4496556 4514034 4530744 4546347 4561028 4574587 4587290 4599265 4610566 4621104 4631208 4640531 4649464 4657879 4665627 4673014 4680115 4686566 4692885 4698872 4704607 4709967 4714995 4719925 4724380 4728707 4732836 4736684 4740453 4744051 4747548 4750724 4753863 4756852 4759718 4762252 4764746 4767214 4769650 4771906 4774033 4776101 4778035 4779995 4781873 4783640 4785272 4786931 4788449 4789871 4791336 4792770 4794197 4795495 4796789 4797997 4799184 4800318 4801381 4802445 4803478 4804453 4805426 4806349 4807239 4808134 4808937 4809733 4810517 4811272 4811950 4812684 4813449 4814149 4814813 4815480 4816106 4816689 4817293 4817894 4818422 4818961 4819459 4819967 4820476 4820962 4821417 4821883 4822315 4822785 4823219 4823632 4824056 4824441 4824819 4825185 4825518 4825901 4826278 4826626 4826948 4827244 4827580 4827883 4828193 4828464 4828762 4829084 4829373 4829655 4829926 4830230 4830506 4830797 4831086 4831306 4831544 4831765 4831995 4832239 4832492 4832723 4832934 4833156 4833348 4833541 4833732 4833937 4834150 4834348 4834530 4834717 4834894 4835109 4835316 4835492 4835670 4835831 4835977 4836140 4836286 4836440 4836591 4836742 4836897 4837062 4837206 4837337 4837474 4837623 4837759 4837874 4837991 4838128 4838275 4838390 4838497 4838604 4838725 4838840 4838951 4839070 4839180 4839296 4839420 4839530 4839635 4839742 4839839 4839948 4840074 4840193 4840308 4840406 4840518 4840615 4840701 4840799 4840908 4841001 4841102 4841175 4841267 4841345 4841431 4841516 4841594 4841668 4841743 4841818 4841886 4841951 4842022 4842095 4842155 4842203 4842262 4842327 4842385 4842463 4842521 4842587 4842668 4842734 4842791 4842857 4842927 4842987 4843043 4843103 4843160 4843221 4843282 4843333 4843377 4843433 4843479 4843529 4843579 4843635 4843684 4843743 4843794 4843843 4843894 4843950 4843992 4844041 4844080 4844126 4844169 4844213 4844265 4844307 4844348 4844391 4844438 4844489 4844536 4844581 4844623 4844665 4844698 4844737 4844780 4844815 4844852 4844898 4844935 4844974 4845005 4845048 4845088 4845128 4845158 4845194 4845227 4845266 4845297 4845334 4845364 4845399 4845431 4845466 4845496 4845526 4845560 4845593 4845614 4845651 4845677 4845706 4845735 4845760 4845782 4845802 4845822 4845851 4845875 4845896 4845922 4845942 4845966 4845992 4846015 4846040 4846061 4846086 4846105 4846124 4846140 4846161 4846187 4846207 4846229 4846248 4846272 4846292 4846314 4846335 4846349 4846370 4846394 4846416 4846428 4846445 4846466 4846490 4846508 4846526 4846541 4846556 4846569 4846580 4846589 4846600 4846614 4846628 4846646 4846656 4846670 4846683 4846699 4846714 4846727 4846738 4846754 4846766 4846775 4846783 4846796 4846807 4846821 4846829 4846841 4846849 4846858 4846866 4846873 4846883 4846892 4846900 4846910 4846923 4846932 4846943 4846951 4846957 4846966 4846972 4846982 4846992 4846998 4847008 4847016 4847025 4847033 4847041 4847050 4847055 4847060 4847068 4847076 4847081 4847090 4847096 4847105 4847113 4847119 4847130 4847135 4847139 4847147 4847153 4847158 4847163 4847170 4847178 4847185 4847190 4847196 4847201 4847208 4847217 4847227 4847232 4847237 4847242 4847249 4847258 4847263 4847271 4847277 4847284 4847288 4847293 4847297 4847301 4847306 4847312 4847320 4847326 4847332 4847336 4847340 4847344 4847348 4847353 4847358 4847363 4847368 4847375 4847379 4847383 4847388 4847392 4847396 4847401 4847405 4847410 4847413 4847416 4847420 4847423 4847426 4847429 4847432 4847435 4847438 4847441 4847445 4847450 4847453 4847456 4847459 4847462 4847464 4847467 4847469 4847471 4847474 4847477 4847479 4847483 4847486 4847490 4847492 4847495 4847498 4847501 4847503 4847506 4847509 4847511 4847513 4847517 4847521 4847523 4847525 4847527 4847529 4847531 4847533 4847535 4847538 4847540 4847541 4847542 4847544 4847545 4847546 4847547 4847548 4847549 4847550 4847551 4847552 4847553 4847554 4847555 4847556 4847557 4847558 4847559 4847560 4847561 4847562 4847563 4847564 4847565 4847566 4847567 4847568 4847569 4847570 4847571
iter 4: 1046488 1798433 2300779 2656152 2923306 3131694 3302236 3444905 3566693 3671792 3763702 3844212 3916704 3981623 4039230 4092023 4140257 4184541 4224595 4261788 4296482 4328094 4357471 4384650 4409900 4433389 4455180 4475302 4494371 4511919 4528662 4544007 4558656 4572220 4584747 4596917 4608196 4618628 4628819 4638393 4647329 4655820 4663679 4671070 4678244 4684943 4691421 4697375 4702891 4708244 4713360 4718215 4722746 4727259 4731403 4735431 4739319 4742945 4746479 4749746 4752886 4755888 4758716 4761600 4764098 4766500 4768816 4771136 4773417 4775501 4777502 4779492 4781286 4783003 4784690 4786326 4787896 4789398 4790863 4792270 4793619 4794860 4796124 4797306 4798451 4799611 4800677 4801729 4802748 4803745 4804689 4805647 4806649 4807478 4808362 4809174 4810005 4810791 4811548 4812315 4813021 4813730 4814424 4815095 4815704 4816329 4816946 4817494 4818035 4818566 4819103 4819619 4820144 4820633 4821093 4821589 4822052 4822500 4822950 4823409 4823800 4824172 4824553 4824957 4825331 4825684 4826033 4826391 4826766 4827079 4827425 4827738 4828055 4828400 4828655 4828977 4829242 4829508 4829784 4830058 4830350 4830594 4830853 4831122 4831387 4831633 4831871 4832086 4832328 4832553 4832770 4832974 4833204 4833424 4833637 4833847 4834057 4834262 4834469 4834662 4834836 4835002 4835194 4835374 4835563 4835717 4835893 4836049 4836215 4836356 4836514 4836656 4836828 4836973 4837109 4837243 4837373 4837510 4837663 4837805 4837926 4838069 4838214 4838334 4838457 4838580 4838692 4838820 4838954 4839087 4839212 4839303 4839414 4839521 4839617 4839712 4839813 4839905 4839999 4840104 4840203 4840297 4840415 4840509 4840616 4840721 4840804 4840895 4840972 4841072 4841138 4841217 4841310 4841388 4841464 4841533 4841612 4841702 4841776 4841844 4841919 4842007 4842081 4842160 4842231 4842314 4842401 4842477 4842539 4842598 4842664 4842720 4842785 4842846 4842902 4842976 4843047 4843107 4843164 4843216 4843260 4843309 4843364 4843410 4843464 4843522 4843573 4843634 4843688 4843739 4843791 4843852 4843905 4843946 4843988 4844024 4844073 4844121 4844162 4844216 4844257 4844300 4844345 4844392 4844433 4844465 4844502 4844549 4844593 4844636 4844685 4844720 4844759 4844794 4844834 4844866 4844901 4844940 4844980 4845020 4845050 4845091 4845127 4845157 4845195 4845235 4845274 4845299 4845328 4845359 4845391 4845427 4845457 4845484 4845511 4845542 4845568 4845601 4845623 4845644 4845675 4845702 4845727 4845758 4845780 4845814 4845837 4845870 4845892 4845912 4845937 4845964 4845996 4846021 4846048 4846075 4846099 4846118 4846141 4846167 4846190 4846214 4846238 4846262 4846282 4846302 4846325 4846348 4846369 4846387 4846399 4846419 4846439 4846458 4846477 4846501 4846520 4846537 4846549 4846567 4846583 4846594 4846613 4846635 4846649 4846663 4846684 4846698 4846707 4846724 4846738 4846750 4846766 4846779 4846792 4846803 4846817 4846829 4846843 4846858 4846870 4846883 4846900 4846915 4846925 4846939 4846956 4846969 4846980 4846994 4847005 4847019 4847032 4847041 4847053 4847065 4847071 4847083 4847089 4847100 4847110 4847119 4847129 4847138 4847149 4847159 4847169 4847177 4847184 4847191 4847200 4847210 4847217 4847224 4847228 4847235 4847239 4847247 4847253 4847258 4847263 4847267 4847274 4847279 4847284 4847288 4847294 4847298 4847301 4847306 4847310 4847315 4847321 4847324 4847328 4847331 4847336 4847340 4847345 4847350 4847354 4847360 4847363 4847367 4847370 4847374 4847378 4847382 4847385 4847390 4847394 4847398 4847401 4847405 4847408 4847413 4847416 4847420 4847424 4847426 4847430 4847433 4847436 4847439 4847442 4847446 4847450 4847453 4847456 4847462 4847465 4847468 4847471 4847474 4847477 4847480 4847484 4847487 4847490 4847494 4847497 4847500 4847503 4847506 4847509 4847512 4847516 4847519 4847521 4847523 4847526 4847528 4847530 4847532 4847534 4847537 4847539 4847541 4847543 4847547 4847549 4847551 4847553 4847555 4847557 4847559 4847561 4847562 4847563 4847565 4847566 4847567 4847568 4847569 4847570 4847571
iter 5: 1047306 1801467 2304442 2660371 2926251 3135228 3304743 3446471 3568049 3672363 3763991 3844962 3917312 3982101 4040310 4093330 4141890 4186093 4226526 4263470 4297886 4329174 4358306 4385573 4410856 4434254 4455983 4476441 4495598 4513371 4529819 4545362 4559878 4573575 4586489 4598630 4609992 4620666 4630804 4640327 4649234 4657674 4665435 4673122 4680351 4686968 4693243 4699344 4704933 4710326 4715534 4720301 4724845 4729095 4733257 4737193 4740934 4744596 4747975 4751159 4754237 4757110 4760007 4762706 4765299 4767770 4770028 4772240 4774379 4776384 4778387 4780244 4781993 4783771 4785460 4787101 4788602 4790097 4791476 4792841 4794189 4795531 4796798 4798008 4799191 4800318 4801369 4802410 4803405 4804388 4805336 4806246 4807146 4808001 4808817 4809586 4810313 4811032 4811790 4812454 4813153 4813827 4814514 4815165 4815771 4816404 4816916 4817532 4818068 4818618 4819146 4819664 4820147 4820647 4821147 4821621 4822093 4822572 4823018 4823430 4823835 4824242 4824630 4825020 4825433 4825818 4826209 4826568 4826893 4827282 4827621 4827951 4828274 4828575 4828848 4829125 4829407 4829707 4830010 4830291 4830585 4830893 4831138 4831369 4831643 4831886 4832155 4832393 4832637 4832852 4833067 4833297 4833535 4833751 4833951 4834166 4834344 4834531 4834726 4834894 4835068 4835244 4835398 4835548 4835726 4835897 4836049 4836239 4836387 4836556 4836733 4836885 4837018 4837153 4837293 4837438 4837572 4837707 4837851 4838024 4838168 4838276 4838386 4838507 4838645 4838774 4838927 4839054 4839183 4839305 4839424 4839535 4839651 4839780 4839883 4839991 4840078 4840181 4840293 4840388 4840488 4840580 4840685 4840771 4840868 4840947 4841028 4841131 4841204 4841298 4841388 4841466 4841542 4841628 4841708 4841795 4841873 4841957 4842036 4842121 4842195 4842269 4842346 4842421 4842487 4842535 4842591 4842650 4842711 4842772 4842830 4842902 4842965 4843023 4843089 4843146 4843190 4843250 4843307 4843371 4843430 4843483 4843539 4843596 4843646 4843702 4843745 4843791 4843844 4843908 4843957 4844010 4844065 4844108 4844156 4844201 4844243 4844289 4844336 4844385 4844428 4844478 4844523 4844577 4844612 4844658 4844698 4844737 4844773 4844814 4844852 4844900 4844935 4844978 4845014 4845047 4845079 4845112 4845151 4845192 4845228 4845269 4845299 4845342 4845373 4845402 4845430 4845459 4845495 4845530 4845560 4845585 4845612 4845647 4845671 4845699 4845726 4845760 4845792 4845822 4845860 4845887 4845912 4845939 4845971 4845990 4846013 4846043 4846069 4846100 4846127 4846154 4846178 4846208 4846229 4846249 4846269 4846292 4846316 4846341 4846359 4846378 4846402 4846419 4846441 4846461 4846484 4846501 4846523 4846545 4846565 4846587 4846606 4846621 4846639 4846658 4846670 4846687 4846709 4846726 4846747 4846765 4846784 4846796 4846808 4846823 4846837 4846853 4846867 4846882 4846896 4846911 4846925 4846941 4846956 4846965 4846975 4846984 4846996 4847011 4847022 4847031 4847042 4847049 4847060 4847068 4847075 4847084 4847091 4847099 4847107 4847122 4847129 4847140 4847151 4847160 4847167 4847176 4847184 4847190 4847197 4847204 4847215 4847222 4847231 4847237 4847242 4847250 4847256 4847261 4847269 4847276 4847282 4847288 4847294 4847299 4847307 4847313 4847316 4847321 4847327 4847331 4847337 4847342 4847346 4847350 4847357 4847361 4847367 4847371 4847376 4847381 4847385 4847389 4847393 4847397 4847401 4847405 4847408 4847412 4847415 4847420 4847423 4847428 4847432 4847436 4847440 4847444 4847447 4847452 4847458 4847460 4847463 4847467 4847471 4847473 4847477 4847482 4847485 4847487 4847489 4847491 4847493 4847494 4847496 4847499 4847500 4847502 4847504 4847506 4847508 4847510 4847511 4847512 4847513 4847514 4847515 4847517 4847519 4847520 4847521 4847522 4847523 4847524 4847525 4847526 4847527 4847528 4847529 4847530 4847531 4847532 4847533 4847534 4847535 4847536 4847538 4847539 4847540 4847541 4847542 4847543 4847544 4847545 4847546 4847547 4847548 4847549 4847550 4847551 4847552 4847553 4847554 4847555 4847556 4847557 4847558 4847559 4847560 4847561 4847562 4847563 4847564 4847565 4847566 4847567 4847568 4847569 4847570 4847571
iter 6: 1044486 1799789 2300273 2655250 2921905 3131319 3301237 3444420 3565690 3670310 3762665 3844058 3916668 3982202 4040743 4093864 4142033 4186013 4226138 4263431 4297674 4329312 4358709 4385700 4411064 4434454 4456369 4476371 4495207 4513003 4529543 4545291 4559971 4573580 4586436 4598555 4609815 4620457 4630368 4639802 4648808 4656938 4664922 4672297 4679421 4686182 4692543 4698488 4703949 4709288 4714390 4719150 4723681 4728059 4732205 4736190 4739996 4743554 4746973 4750215 4753347 4756162 4758966 4761681 4764284 4766738 4769241 4771504 4773736 4775763 4777801 4779808 4781614 4783429 4785073 4786680 4788247 4789823 4791352 4792777 4794093 4795428 4796647 4797887 4799074 4800183 4801243 4802349 4803460 4804471 4805450 4806354 4807204 4808093 4808938 4809718 4810480 4811232 4811942 4812623 4813324 4813998 4814652 4815270 4815842 4816453 4817030 4817628 4818202 4818707 4819225 4819722 4820228 4820679 4821145 4821613 4822037 4822475 4822910 4823351 4823747 4824155 4824525 4824899 4825291 4825679 4826037 4826415 4826739 4827070 4827415 4827730 4828080 4828396 4828696 4828973 4829250 4829543 4829830 4830107 4830393 4830654 4830906 4831171 4831430 4831687 4831935 4832158 4832395 4832633 4832851 4833077 4833294 4833477 4833677 4833855 4834060 4834265 4834469 4834670 4834869 4835055 4835230 4835403 4835574 4835728 4835906 4836079 4836241 4836392 4836545 4836675 4836831 4836982 4837119 4837277 4837403 4837540 4837668 4837808 4837937 4838079 4838202 4838321 4838467 4838605 4838722 4838849 4838954 4839066 4839182 4839300 4839418 4839538 4839670 4839772 4839883 4839980 4840084 4840214 4840331 4840427 4840516 4840629 4840706 4840805 4840890 4840989 4841079 4841154 4841225 4841309 4841388 4841486 4841562 4841640 4841722 4841811 4841895 4841965 4842031 4842104 4842165 4842241 4842317 4842374 4842447 4842523 4842576 4842636 4842700 4842746 4842801 4842864 4842944 4842999 4843058 4843115 4843183 4843249 4843296 4843363 4843422 4843480 4843550 4843611 4843654 4843710 4843763 4843831 4843886 4843939 4843988 4844031 4844089 4844147 4844181 4844229 4844271 4844325 4844369 4844421 4844462 4844502 4844539 4844589 4844627 4844671 4844713 4844754 4844787 4844823 4844860 4844902 4844940 4844967 4845003 4845045 4845081 4845119 4845155 4845194 4845223 4845254 4845285 4845320 4845353 4845385 4845415 4845446 4845472 4845504 4845534 4845565 4845595 4845623 4845650 4845670 4845697 4845721 4845745 4845778 4845802 4845822 4845845 4845868 4845896 4845934 4845953 4845977 4846001 4846025 4846048 4846069 4846089 4846114 4846130 4846160 4846180 4846205 4846228 4846250 4846269 4846289 4846310 4846330 4846354 4846375 4846392 4846410 4846427 4846443 4846462 4846479 4846496 4846513 4846534 4846552 4846564 4846582 4846596 4846611 4846621 4846639 4846652 4846661 4846680 4846697 4846710 4846726 4846744 4846757 4846772 4846785 4846800 4846813 4846826 4846837 4846849 4846862 4846876 4846886 4846896 4846907 4846920 4846931 4846941 4846953 4846968 4846978 4846990 4846997 4847004 4847013 4847022 4847029 4847038 4847046 4847053 4847063 4847071 4847081 4847090 4847100 4847109 4847116 4847126 4847134 4847141 4847149 4847157 4847163 4847172 4847181 4847193 4847204 4847209 4847220 4847226 4847231 4847239 4847244 4847251 4847260 4847267 4847273 4847280 4847285 4847291 4847297 4847303 4847308 4847313 4847320 4847327 4847332 4847338 4847347 4847353 4847357 4847361 4847365 4847370 4847374 4847378 4847382 4847386 4847390 4847394 4847399 4847406 4847410 4847415 4847419 4847423 4847428 4847433 4847437 4847442 4847446 4847451 4847455 4847459 4847462 4847465 4847468 4847471 4847474 4847477 4847479 4847481 4847484 4847486 4847488 4847491 4847494 4847497 4847499 4847501 4847503 4847506 4847508 4847510 4847512 4847514 4847517 4847519 4847521 4847523 4847525 4847527 4847529 4847531 4847533 4847534 4847535 4847536 4847537 4847538 4847539 4847540 4847541 4847542 4847543 4847544 4847545 4847546 4847547 4847548 4847549 4847550 4847551 4847552 4847554 4847555 4847556 4847557 4847558 4847559 4847560 4847561 4847562 4847563 4847564 4847565 4847566 4847567 4847568 4847569 4847570 4847571
iter 7: 1046129 1801364 2303638 2659798 2926351 3136524 3306353 3448425 3569222 3673988 3765708 3846263 3918644 3983453 4042061 4095771 4143900 4187985 4228212 4265110 4299216 4330652 4359779 4386983 4412050 4435808 4457461 4477914 4496753 4514432 4530955 4546314 4560729 4574113 4586880 4599022 4610357 4620867 4630808 4640350 4649180 4657547 4665401 4673032 4680007 4686687 4693123 4699210 4704945 4710286 4715291 4720226 4724767 4729252 4733461 4737354 4741269 4744859 4748102 4751376 4754482 4757475 4760388 4763016 4765623 4768168 4770500 4772750 4774867 4776955 4778893 4780768 4782593 4784348 4786087 4787678 4789206 4790719 4792147 4793541 4794863 4796178 4797436 4798637 4799779 4800880 4801955 4802922 4803914 4804864 4805816 4806780 4807719 4808592 4809404 4810213 4811008 4811791 4812510 4813282 4813980 4814676 4815304 4815929 4816536 4817146 4817690 4818310 4818853 4819349 4819835 4820343 4820862 4821312 4821773 4822218 4822676 4823079 4823496 4823930 4824334 4824723 4825116 4825481 4825872 4826233 4826628 4827008 4827384 4827751 4828074 4828415 4828718 4829056 4829393 4829689 4829984 4830243 4830572 4830833 4831107 4831382 4831626 4831881 4832144 4832376 4832621 4832872 4833098 4833308 4833517 4833725 4833890 4834084 4834281 4834452 4834653 4834823 4835009 4835198 4835394 4835591 4835755 4835937 4836108 4836273 4836425 4836597 4836756 4836929 4837101 4837266 4837413 4837553 4837696 4837823 4837971 4838088 4838211 4838342 4838436 4838549 4838673 4838794 4838913 4839024 4839128 4839248 4839351 4839464 4839574 4839682 4839786 4839890 4839991 4840089 4840209 4840315 4840414 4840530 4840652 4840736 4840833 4840945 4841039 4841148 4841231 4841320 4841395 4841475 4841557 4841627 4841723 4841808 4841895 4841966 4842040 4842112 4842165 4842235 4842296 4842359 4842424 4842486 4842541 4842608 4842667 4842732 4842800 4842874 4842946 4842999 4843050 4843111 4843172 4843222 4843279 4843338 4843393 4843450 4843497 4843545 4843604 4843651 4843704 4843754 4843803 4843846 4843894 4843941 4843989 4844046 4844097 4844150 4844198 4844247 4844305 4844359 4844405 4844454 4844504 4844558 4844605 4844647 4844686 4844731 4844777 4844818 4844862 4844899 4844940 4844973 4845010 4845047 4845092 4845132 4845167 4845201 4845231 4845268 4845297 4845334 4845363 4845404 4845436 4845472 4845502 4845530 4845563 4845594 4845622 4845653 4845678 4845704 4845735 4845769 4845796 4845820 4845843 4845868 4845889 4845917 4845944 4845962 4845985 4846012 4846039 4846058 4846077 4846098 4846121 4846140 4846161 4846188 4846207 4846228 4846245 4846272 4846295 4846315 4846332 4846348 4846370 4846389 4846407 4846426 4846446 4846466 4846482 4846501 4846522 4846542 4846559 4846577 4846595 4846606 4846618 4846633 4846648 4846660 4846677 4846690 4846703 4846720 4846738 4846752 4846769 4846780 4846794 4846806 4846819 4846833 4846849 4846864 4846878 4846888 4846905 4846918 4846929 4846938 4846947 4846959 4846972 4846982 4846992 4846999 4847008 4847016 4847026 4847036 4847046 4847054 4847059 4847066 4847073 4847082 4847091 4847097 4847107 4847114 4847121 4847129 4847136 4847144 4847151 4847158 4847165 4847173 4847181 4847191 4847199 4847204 4847209 4847215 4847221 4847229 4847234 4847241 4847247 4847252 4847259 4847264 4847268 4847274 4847280 4847292 4847296 4847302 4847310 4847319 4847324 4847329 4847335 4847341 4847347 4847351 4847357 4847364 4847371 4847376 4847381 4847387 4847393 4847400 4847405 4847410 4847418 4847423 4847427 4847432 4847436 4847441 4847446 4847453 4847458 4847462 4847466 4847470 4847477 4847485 4847490 4847494 4847498 4847501 4847504 4847507 4847510 4847513 4847515 4847518 4847520 4847522 4847524 4847527 4847530 4847532 4847534 4847536 4847538 4847540 4847542 4847545 4847548 4847549 4847550 4847551 4847552 4847553 4847554 4847555 4847556 4847557 4847558 4847559 4847560 4847561 4847562 4847563 4847564 4847565 4847566 4847567 4847568 4847569 4847571
iter 8: 1046538 1800851 2302672 2659020 2925458 3134702 3304714 3446756 3567885 3672512 3763720 3844757 3916899 3981978 4040477 4093542 4142365 4186295 4226420 4263197 4297119 4328806 4357715 4385062 4410123 4433227 4455053 4475329 4494270 4511962 4528754 4544208 4558711 4572353 4585088 4597073 4608577 4619269 4629449 4638906 4647795 4656206 4664101 4671615 4678762 4685574 4691921 4698067 4703622 4709037 4714172 4719131 4723693 4728039 4732147 4736212 4740109 4743717 4747164 4750442 4753555 4756506 4759331 4762099 4764595 4767143 4769524 4771739 4773958 4776069 4778066 4779983 4781770 4783520 4785300 4787008 4788575 4790092 4791583 4793061 4794436 4795743 4797046 4798293 4799456 4800565 4801735 4802801 4803801 4804735 4805698 4806634 4807548 4808337 4809198 4810000 4810773 4811487 4812244 4812984 4813688 4814378 4814996 4815603 4816238 4816818 4817391 4817934 4818495 4819037 4819591 4820116 4820604 4821095 4821553 4822034 4822497 4822934 4823382 4823815 4824241 4824655 4825052 4825450 4825808 4826169 4826559 4826912 4827283 4827618 4827939 4828238 4828548 4828882 4829189 4829482 4829787 4830044 4830317 4830601 4830866 4831109 4831399 4831657 4831919 4832160 4832381 4832617 4832838 4833053 4833235 4833437 4833640 4833850 4834062 4834287 4834495 4834703 4834881 4835050 4835230 4835405 4835566 4835713 4835867 4836052 4836185 4836359 4836516 4836670 4836815 4837000 4837134 4837296 4837435 4837579 4837719 4837858 4838009 4838148 4838264 4838380 4838499 4838612 4838752 4838897 4839004 4839110 4839239 4839352 4839456 4839552 4839663 4839769 4839872 4839972 4840073 4840189 4840293 4840408 4840526 4840626 4840724 4840813 4840912 4841002 4841108 4841199 4841299 4841391 4841471 4841541 4841622 4841700 4841783 4841859 4841939 4842012 4842096 4842169 4842249 4842323 4842394 4842460 4842522 4842586 4842647 4842710 4842778 4842844 4842911 4842976 4843038 4843091 4843138 4843191 4843242 4843299 4843361 4843412 4843476 4843520 4843574 4843618 4843662 4843723 4843776 4843829 4843877 4843934 4843989 4844046 4844094 4844147 4844202 4844255 4844304 4844348 4844382 4844436 4844480 4844525 4844579 4844624 4844674 4844714 4844762 4844805 4844850 4844886 4844928 4844968 4845003 4845037 4845070 4845123 4845161 4845195 4845226 4845259 4845297 4845334 4845359 4845393 4845424 4845455 4845488 4845520 4845550 4845580 4845606 4845639 4845673 4845702 4845730 4845758 4845794 4845817 4845836 4845868 4845897 4845924 4845949 4845969 4845992 4846019 4846049 4846075 4846099 4846124 4846147 4846168 4846189 4846207 4846228 4846251 4846271 4846295 4846318 4846336 4846360 4846377 4846398 4846422 4846438 4846460 4846482 4846507 4846526 4846542 4846562 4846582 4846598 4846616 4846632 4846648 4846670 4846685 4846696 4846714 4846730 4846744 4846757 4846771 4846786 4846798 4846812 4846828 4846842 4846855 4846873 4846885 4846907 4846918 4846931 4846940 4846952 4846963 4846974 4846984 4846999 4847010 4847022 4847034 4847052 4847063 4847074 4847087 4847098 4847106 4847116 4847124 4847130 4847137 4847146 4847153 4847160 4847167 4847173 4847178 4847185 4847193 4847200 4847206 4847213 4847219 4847222 4847226 4847233 4847237 4847243 4847248 4847255 4847262 4847268 4847273 4847279 4847282 4847288 4847292 4847295 4847300 4847304 4847307 4847310 4847314 4847319 4847325 4847331 4847337 4847343 4847347 4847351 4847356 4847360 4847366 4847370 4847374 4847380 4847383 4847387 4847391 4847395 4847399 4847405 4847408 4847412 4847417 4847421 4847425 4847427 4847431 4847436 4847440 4847443 4847446 4847450 4847453 4847457 4847461 4847464 4847468 4847470 4847474 4847477 4847481 4847483 4847486 4847489 4847492 4847494 4847498 4847500 4847502 4847504 4847507 4847510 4847512 4847514 4847516 4847518 4847521 4847523 4847527 4847529 4847533 4847535 4847537 4847539 4847541 4847542 4847543 4847544 4847545 4847546 4847548 4847550 4847551 4847552 4847553 4847554 4847555 4847556 4847557 4847558 4847559 4847560 4847561 4847562 4847563 4847564 4847565 4847566 4847567 4847568 4847569 4847570 4847571
iter 9: 1047054 1801931 2304978 2658524 2924938 3133462 3303849 3446072 3566936 3671848 3763986 3845584 3917719 3982174 4040906 4094019 4142249 4185863 4226264 4263444 4297573 4329111 4358559 4385841 4411061 4434480 4456358 4476545 4495422 4513034 4529707 4545486 4559925 4573540 4586447 4598519 4609838 4620514 4630427 4639952 4648760 4657266 4665131 4672618 4679752 4686367 4692802 4698749 4704547 4709922 4715085 4720095 4724705 4729037 4733163 4737135 4740839 4744348 4747786 4751029 4754149 4757107 4759896 4762436 4765040 4767502 4769821 4772131 4774277 4776266 4778360 4780234 4782082 4783845 4785492 4787143 4788671 4790148 4791660 4793060 4794410 4795691 4796929 4798145 4799273 4800392 4801465 4802488 4803521 4804483 4805413 4806341 4807196 4808007 4808854 4809686 4810431 4811172 4811891 4812598 4813289 4813984 4814627 4815240 4815865 4816447 4817066 4817633 4818166 4818714 4819258 4819771 4820283 4820824 4821287 4821777 4822231 4822666 4823116 4823531 4823921 4824325 4824714 4825109 4825481 4825881 4826246 4826569 4826929 4827260 4827605 4827933 4828248 4828563 4828879 4829177 4829485 4829793 4830117 4830408 4830688 4830965 4831218 4831486 4831711 4831938 4832189 4832414 4832638 4832833 4833054 4833264 4833478 4833679 4833870 4834063 4834250 4834451 4834631 4834813 4835001 4835186 4835362 4835519 4835699 4835874 4836047 4836214 4836386 4836520 4836679 4836842 4837001 4837137 4837273 4837431 4837581 4837728 4837848 4837985 4838117 4838248 4838381 4838508 4838637 4838756 4838868 4838969 4839094 4839199 4839299 4839414 4839538 4839639 4839742 4839861 4839977 4840088 4840214 4840312 4840423 4840527 4840621 4840713 4840806 4840887 4840994 4841087 4841189 4841288 4841373 4841474 4841552 4841633 4841702 4841781 4841867 4841939 4842020 4842100 4842176 4842246 4842313 4842394 4842449 4842509 4842577 4842644 4842714 4842783 4842845 4842899 4842948 4843004 4843065 4843121 4843184 4843250 4843313 4843377 4843436 4843485 4843548 4843621 4843681 4843738 4843777 4843821 4843863 4843918 4843964 4844018 4844063 4844112 4844161 4844203 4844241 4844280 4844316 4844358 4844402 4844448 4844487 4844531 4844566 4844607 4844644 4844693 4844734 4844767 4844809 4844848 4844879 4844904 4844944 4844980 4845018 4845055 4845092 4845126 4845177 4845221 4845260 4845298 4845329 4845361 4845396 4845428 4845468 4845494 4845522 4845553 4845591 4845617 4845646 4845676 4845696 4845723 4845747 4845768 4845787 4845811 4845839 4845861 4845879 4845901 4845928 4845954 4845981 4846004 4846024 4846049 4846073 4846096 4846119 4846144 4846165 4846194 4846219 4846246 4846266 4846287 4846307 4846324 4846342 4846358 4846373 4846393 4846406 4846422 4846441 4846454 4846471 4846488 4846510 4846524 4846540 4846557 4846568 4846580 4846594 4846602 4846611 4846625 4846640 4846652 4846666 4846682 4846697 4846710 4846723 4846733 4846745 4846761 4846777 4846791 4846802 4846813 4846827 4846838 4846845 4846853 4846861 4846875 4846883 4846895 4846906 4846913 4846919 4846930 4846940 4846950 4846956 4846965 4846973 4846985 4846994 4847001 4847009 4847016 4847023 4847028 4847034 4847044 4847051 4847059 4847066 4847073 4847080 4847088 4847094 4847102 4847115 4847121 4847127 4847135 4847141 4847149 4847156 4847164 4847169 4847177 4847183 4847190 4847197 4847202 4847209 4847213 4847217 4847223 4847232 4847238 4847244 4847250 4847255 4847261 4847268 4847274 4847281 4847287 4847294 4847298 4847303 4847308 4847313 4847322 4847328 4847333 4847340 4847347 4847353 4847359 4847365 4847370 4847375 4847384 4847389 4847400 4847404 4847410 4847417 4847421 4847429 4847438 4847445 4847450 4847456 4847462 4847466 4847471 4847476 4847480 4847485 4847489 4847493 4847496 4847501 4847505 4847509 4847511 4847513 4847515 4847518 4847521 4847523 4847526 4847529 4847532 4847535 4847538 4847540 4847543 4847546 4847549 4847551 4847553 4847554 4847555 4847557 4847558 4847559 4847561 4847562 4847563 4847564 4847565 4847566 4847567 4847568 4847569 4847570 4847571
iter 10: 1045136 1799288 2300862 2656777 2922643 3132172 3302627 3445383 3566338 3670969 3762184 3843165 3915505 3980486 4038840 4091597 4140548 4184839 4225299 4262513 4296919 4328993 4358463 4385533 4410784 4434286 4456127 4476455 4495649 4513400 4529958 4545578 4560218 4573870 4586663 4598568 4609980 4620695 4630789 4640021 4648953 4657323 4665267 4672853 4679806 4686394 4692637 4698681 4704315 4709641 4714768 4719708 4724519 4729003 4733247 4737119 4740866 4744386 4747723 4750980 4754089 4756974 4759782 4762532 4765072 4767470 4769786 4772015 4774146 4776251 4778187 4780124 4782007 4783696 4785421 4787097 4788643 4790139 4791620 4793046 4794351 4795752 4796996 4798220 4799400 4800514 4801635 4802638 4803633 4804637 4805597 4806561 4807440 4808329 4809168 4809980 4810751 4811517 4812277 4812953 4813695 4814397 4815094 4815759 4816397 4817043 4817609 4818186 4818732 4819273 4819818 4820375 4820891 4821411 4821887 4822358 4822793 4823241 4823657 4824076 4824494 4824891 4825281 4825671 4826049 4826409 4826747 4827078 4827427 4827769 4828087 4828421 4828758 4829082 4829356 4829622 4829928 4830219 4830501 4830766 4831015 4831240 4831500 4831741 4831967 4832195 4832438 4832669 4832859 4833075 4833293 4833505 4833715 4833911 4834120 4834324 4834508 4834684 4834894 4835083 4835263 4835458 4835631 4835800 4835981 4836161 4836351 4836506 4836673 4836835 4836985 4837126 4837278 4837420 4837560 4837696 4837842 4837989 4838124 4838239 4838357 4838475 4838600 4838727 4838857 4838985 4839101 4839228 4839333 4839454 4839550 4839659 4839761 4839863 4839978 4840085 4840195 4840290 4840384 4840495 4840587 4840689 4840790 4840874 4840972 4841044 4841117 4841212 4841303 4841370 4841444 4841515 4841595 4841667 4841740 4841816 4841898 4841975 4842047 4842102 4842170 4842247 4842317 4842387 4842459 4842522 4842597 4842647 4842719 4842787 4842846 4842903 4842956 4843018 4843078 4843129 4843185 4843251 4843305 4843371 4843433 4843493 4843544 4843596 4843655 4843715 4843776 4843828 4843877 4843916 4843964 4844016 4844068 4844113 4844158 4844207 4844244 4844293 4844331 4844373 4844428 4844471 4844516 4844560 4844603 4844645 4844683 4844731 4844773 4844812 4844857 4844892 4844933 4844967 4845003 4845041 4845084 4845117 4845155 4845191 4845231 4845278 4845318 4845350 4845391 4845425 4845459 4845490 4845529 4845563 4845590 4845621 4845648 4845673 4845701 4845730 4845770 4845796 4845826 4845851 4845877 4845898 4845919 4845946 4845969 4845995 4846021 4846047 4846074 4846092 4846115 4846139 4846165 4846186 4846209 4846232 4846255 4846270 4846293 4846315 4846333 4846349 4846368 4846391 4846415 4846432 4846449 4846464 4846482 4846496 4846517 4846535 4846548 4846564 4846578 4846592 4846607 4846625 4846637 4846649 4846664 4846676 4846687 4846698 4846714 4846724 4846740 4846753 4846765 4846775 4846784 4846797 4846807 4846820 4846830 4846839 4846852 4846861 4846874 4846884 4846893 4846901 4846908 4846915 4846924 4846930 4846938 4846950 4846958 4846966 4846973 4846983 4846989 4846993 4846999 4847006 4847013 4847020 4847031 4847037 4847046 4847054 4847060 4847072 4847077 4847082 4847088 4847094 4847101 4847108 4847114 4847119 4847127 4847134 4847141 4847150 4847156 4847164 4847171 4847182 4847191 4847198 4847204 4847213 4847219 4847223 4847231 4847237 4847243 4847250 4847256 4847262 4847268 4847274 4847280 4847287 4847289 4847293 4847298 4847304 4847311 4847315 4847317 4847322 4847324 4847326 4847329 4847332 4847336 4847341 4847345 4847348 4847350 4847356 4847360 4847364 4847368 4847372 4847375 4847382 4847387 4847391 4847396 4847401 4847405 4847410 4847414 4847417 4847420 4847424 4847427 4847430 4847434 4847436 4847439 4847443 4847445 4847448 4847450 4847451 4847455 4847458 4847459 4847461 4847462 4847468 4847473 4847476 4847479 4847480 4847482 4847483 4847484 4847486 4847487 4847490 4847492 4847494 4847498 4847500 4847501 4847504 4847505 4847508 4847509 4847511 4847513 4847515 4847516 4847518 4847519 4847520 4847523 4847524 4847525 4847528 4847529 4847530 4847535 4847537 4847538 4847539 4847540 4847541 4847542 4847543 4847544 4847546 4847547 4847549 4847550 4847551 4847552 4847555 4847556 4847557 4847558 4847559 4847560 4847562 4847563 4847564 4847565 4847566 4847567 4847568 4847569 4847570 4847571
iter 11: 1045195 1798062 2300824 2655028 2921094 3130276 3301732 3444526 3566080 3671105 3762862 3843751 3915478 3980589 4038920 4092580 4140403 4184436 4224751 4262015 4296169 4327879 4357097 4384606 4409540 4432900 4454980 4475386 4494357 4512217 4528988 4544853 4559474 4573144 4585891 4598045 4609450 4620058 4630023 4639448 4648224 4656753 4664828 4672312 4679389 4686122 4692378 4698500 4704257 4709745 4714915 4719880 4724562 4728889 4733101 4737007 4740729 4744332 4747782 4750936 4753936 4756884 4759665 4762369 4764871 4767412 4769827 4772060 4774195 4776268 4778167 4780049 4781899 4783744 4785429 4787072 4788659 4790175 4791611 4793001 4794356 4795714 4796996 4798197 4799311 4800405 4801475 4802483 4803444 4804404 4805307 4806231 4807096 4807937 4808759 4809490 4810206 4810963 4811721 4812361 4813034 4813682 4814369 4815026 4815681 4816258 4816865 4817421 4817992 4818544 4819084 4819648 4820141 4820596 4821099 4821585 4822038 4822456 4822858 4823287 4823694 4824111 4824538 4824893 4825267 4825634 4826025 4826392 4826720 4827027 4827369 4827671 4828013 4828343 4828690 4829002 4829309 4829593 4829906 4830201 4830479 4830764 4831040 4831299 4831566 4831795 4832014 4832247 4832470 4832706 4832918 4833123 4833341 4833545 4833743 4833941 4834143 4834359 4834550 4834740 4834950 4835138 4835315 4835499 4835693 4835854 4836014 4836190 4836368 4836514 4836674 4836824 4836979 4837128 4837286 4837427 4837589 4837731 4837851 4837994 4838120 4838258 4838392 4838523 4838633 4838762 4838877 4839018 4839117 4839230 4839345 4839457 4839573 4839701 4839816 4839918 4840023 4840134 4840234 4840341 4840449 4840544 4840651 4840763 4840839 4840942 4841037 4841137 4841227 4841303 4841382 4841467 4841555 4841629 4841717 4841796 4841875 4841944 4842007 4842089 4842164 4842243 4842309 4842389 4842455 4842519 4842590 4842652 4842722 4842788 4842865 4842929 4842990 4843058 4843125 4843177 4843240 4843305 4843375 4843438 4843495 4843560 4843625 4843675 4843745 4843804 4843858 4843912 4843967 4844013 4844061 4844119 4844170 4844227 4844264 4844311 4844363 4844412 4844463 4844507 4844554 4844596 4844642 4844686 4844733 4844778 4844824 4844875 4844917 4844957 4844994 4845047 4845085 4845126 4845166 4845203 4845245 4845280 4845313 4845351 4845385 4845421 4845446 4845475 4845506 4845540 4845572 4845604 4845633 4845666 4845691 4845728 4845750 4845781 4845807 4845837 4845864 4845897 4845929 4845961 4845986 4846018 4846043 4846068 4846093 4846116 4846137 4846157 4846183 4846204 4846222 4846249 4846271 4846292 4846316 4846339 4846361 4846381 4846400 4846423 4846443 4846466 4846492 4846510 4846531 4846550 4846571 4846590 4846608 4846631 4846650 4846666 4846680 4846699 4846718 4846729 4846742 4846754 4846768 4846778 4846795 4846812 4846823 4846841 4846854 4846873 4846891 4846906 4846918 4846931 4846943 4846955 4846965 4846970 4846980 4846993 4847000 4847012 4847020 4847029 4847038 4847050 4847060 4847068 4847079 4847085 4847092 4847103 4847111 4847120 4847127 4847135 4847146 4847154 4847160 4847169 4847180 4847187 4847197 4847202 4847210 4847215 4847222 4847233 4847240 4847248 4847255 4847260 4847265 4847271 4847278 4847283 4847288 4847293 4847297 4847301 4847306 4847311 4847315 4847319 4847324 4847327 4847330 4847335 4847340 4847345 4847348 4847352 4847356 4847359 4847362 4847366 4847370 4847374 4847378 4847381 4847387 4847390 4847394 4847397 4847402 4847406 4847409 4847412 4847415 4847418 4847421 4847424 4847428 4847431 4847435 4847438 4847441 4847445 4847450 4847453 4847458 4847462 4847465 4847468 4847472 4847475 4847478 4847481 4847484 4847486 4847488 4847490 4847493 4847495 4847498 4847500 4847502 4847504 4847506 4847508 4847511 4847513 4847516 4847518 4847520 4847522 4847524 4847526 4847528 4847530 4847532 4847534 4847536 4847539 4847541 4847543 4847544 4847545 4847546 4847547 4847548 4847549 4847550 4847551 4847552 4847553 4847554 4847555 4847556 4847557 4847558 4847559 4847560 4847561 4847562 4847563 4847564 4847565 4847566 4847567 4847568 4847569 4847570 4847571
iter 12: 1049547 1802781 2304657 2659869 2927000 3136137 3304954 3446841 3567730 3672233 3763834 3844467 3916409 3981513 4040352 4093781 4142054 4185993 4226517 4263830 4298009 4329667 4359269 4386299 4411515 4435028 4456794 4477053 4495756 4513290 4529726 4545263 4559825 4573461 4586149 4598093 4609303 4620030 4630046 4639701 4648514 4656861 4664875 4672352 4679470 4686269 4692554 4698478 4704180 4709610 4714703 4719503 4724006 4728350 4732394 4736344 4740093 4743697 4747160 4750359 4753466 4756383 4759229 4761945 4764488 4766986 4769341 4771614 4773829 4775891 4777934 4779926 4781762 4783561 4785164 4786865 4788462 4789918 4791370 4792791 4794101 4795462 4796613 4797819 4799064 4800164 4801275 4802296 4803299 4804291 4805202 4806137 4807055 4807975 4808839 4809659 4810465 4811213 4812002 4812691 4813358 4814019 4814662 4815309 4815995 4816592 4817201 4817797 4818345 4818887 4819444 4820004 4820521 4821038 4821496 4821985 4822456 4822929 4823364 4823790 4824220 4824624 4825004 4825383 4825732 4826077 4826455 4826856 4827248 4827600 4827946 4828260 4828616 4828913 4829217 4829497 4829790 4830007 4830305 4830577 4830870 4831121 4831400 4831649 4831911 4832161 4832381 4832631 4832842 4833053 4833257 4833469 4833688 4833904 4834099 4834297 4834486 4834679 4834863 4835059 4835258 4835435 4835612 4835804 4835964 4836122 4836295 4836460 4836624 4836790 4836960 4837115 4837274 4837415 4837554 4837679 4837815 4837952 4838100 4838226 4838375 4838511 4838655 4838762 4838888 4839005 4839124 4839245 4839364 4839472 4839598 4839710 4839821 4839935 4840054 4840170 4840279 4840394 4840510 4840600 4840702 4840802 4840876 4840981 4841077 4841152 4841261 4841353 4841432 4841516 4841603 4841694 4841784 4841863 4841938 4842017 4842101 4842183 4842258 4842320 4842392 4842469 4842542 4842615 4842677 4842758 4842831 4842890 4842946 4843001 4843060 4843135 4843198 4843259 4843308 4843365 4843424 4843493 4843550 4843616 4843676 4843737 4843788 4843848 4843893 4843942 4843995 4844053 4844112 4844170 4844226 4844276 4844319 4844368 4844412 4844457 4844515 4844566 4844615 4844657 4844703 4844749 4844795 4844838 4844878 4844912 4844962 4845002 4845048 4845087 4845121 4845159 4845199 4845233 4845273 4845312 4845352 4845388 4845426 4845462 4845501 4845540 4845570 4845608 4845642 4845675 4845704 4845736 4845772 4845805 4845830 4845862 4845890 4845919 4845946 4845969 4845989 4846012 4846038 4846059 4846079 4846105 4846123 4846151 4846178 4846195 4846212 4846237 4846257 4846277 4846298 4846323 4846348 4846371 4846391 4846410 4846429 4846454 4846469 4846492 4846514 4846534 4846553 4846570 4846588 4846604 4846619 4846636 4846655 4846670 4846683 4846705 4846720 4846734 4846745 4846766 4846777 4846796 4846817 4846835 4846849 4846860 4846875 4846891 4846904 4846920 4846929 4846944 4846955 4846972 4846985 4846996 4847013 4847022 4847037 4847051 4847066 4847076 4847082 4847093 4847103 4847116 4847128 4847136 4847143 4847154 4847163 4847174 4847183 4847189 4847198 4847205 4847212 4847221 4847228 4847236 4847243 4847251 4847258 4847265 4847269 4847274 4847282 4847288 4847295 4847302 4847307 4847312 4847317 4847323 4847331 4847337 4847341 4847346 4847353 4847359 4847362 4847365 4847368 4847373 4847376 4847381 4847384 4847388 4847391 4847395 4847398 4847400 4847402 4847404 4847406 4847408 4847411 4847413 4847415 4847417 4847420 4847423 4847427 4847430 4847433 4847435 4847437 4847439 4847441 4847443 4847446 4847448 4847450 4847452 4847454 4847456 4847459 4847461 4847463 4847466 4847468 4847471 4847473 4847475 4847479 4847481 4847483 4847485 4847487 4847490 4847492 4847494 4847497 4847500 4847502 4847504 4847505 4847506 4847507 4847508 4847509 4847511 4847512 4847513 4847514 4847515 4847516 4847517 4847518 4847520 4847521 4847522 4847523 4847524 4847525 4847526 4847527 4847528 4847529 4847530 4847531 4847532 4847533 4847534 4847535 4847536 4847537 4847538 4847539 4847540 4847541 4847544 4847545 4847546 4847547 4847548 4847549 4847550 4847551 4847552 4847553 4847554 4847555 4847556 4847557 4847558 4847559 4847560 4847561 4847562 4847563 4847565 4847566 4847567 4847568 4847569 4847570 4847571
iter 13: 1046509 1799392 2300971 2655909 2923349 3133756 3304262 3445482 3566187 3671604 3763290 3844488 3916783 3982077 4040468 4093643 4141913 4186195 4226734 4263890 4298317 4329890 4359258 4386266 4411682 4434932 4456361 4476794 4495902 4513664 4529983 4545540 4559931 4573545 4586459 4598467 4609645 4620104 4630214 4639574 4648492 4657026 4665045 4672652 4679595 4686350 4692805 4698751 4704286 4709677 4714870 4719670 4724335 4728879 4733141 4737029 4740867 4744329 4747877 4751003 4754002 4756931 4759856 4762426 4764996 4767605 4770003 4772205 4774356 4776389 4778378 4780262 4782085 4783817 4785507 4787135 4788723 4790235 4791659 4793109 4794455 4795761 4797042 4798265 4799403 4800501 4801551 4802572 4803582 4804625 4805532 4806511 4807477 4808362 4809201 4810008 4810800 4811627 4812356 4813053 4813732 4814409 4815090 4815747 4816332 4816916 4817513 4818139 4818716 4819279 4819769 4820281 4820748 4821209 4821748 4822201 4822654 4823101 4823548 4823988 4824413 4824814 4825214 4825625 4826002 4826375 4826768 4827146 4827483 4827838 4828150 4828496 4828801 4829129 4829430 4829703 4830010 4830289 4830534 4830831 4831105 4831359 4831640 4831901 4832127 4832341 4832572 4832781 4832996 4833204 4833432 4833667 4833855 4834062 4834269 4834457 4834655 4834834 4835022 4835182 4835377 4835545 4835726 4835913 4836058 4836232 4836412 4836579 4836764 4836924 4837070 4837210 4837360 4837495 4837646 4837798 4837936 4838075 4838178 4838325 4838466 4838594 4838708 4838813 4838936 4839059 4839172 4839288 4839411 4839536 4839651 4839770 4839875 4839993 4840102 4840204 4840309 4840405 4840513 4840603 4840714 4840799 4840895 4840976 4841060 4841164 4841250 4841351 4841431 4841512 4841595 4841690 4841768 4841852 4841923 4842000 4842065 4842153 4842210 4842274 4842358 4842417 4842511 4842581 4842646 4842715 4842765 4842830 4842902 4842968 4843027 4843085 4843138 4843193 4843246 4843311 4843385 4843448 4843501 4843555 4843611 4843667 4843733 4843785 4843845 4843892 4843940 4843991 4844041 4844085 4844148 4844196 4844245 4844286 4844325 4844384 4844433 4844490 4844530 4844581 4844623 4844658 4844704 4844744 4844792 4844827 4844858 4844892 4844936 4844980 4845014 4845050 4845097 4845137 4845169 4845208 4845244 4845274 4845311 4845337 4845376 4845407 4845436 4845462 4845490 4845521 4845545 4845572 4845603 4845632 4845655 4845685 4845709 4845737 4845761 4845786 4845813 4845837 4845860 4845884 4845912 4845934 4845955 4845978 4845997 4846020 4846045 4846066 4846086 4846110 4846125 4846143 4846170 4846186 4846207 4846229 4846248 4846272 4846293 4846315 4846328 4846346 4846362 4846382 4846399 4846418 4846439 4846455 4846469 4846483 4846497 4846511 4846525 4846545 4846555 4846573 4846591 4846609 4846622 4846633 4846651 4846664 4846679 4846694 4846711 4846728 4846741 4846754 4846767 4846780 4846793 4846805 4846818 4846827 4846840 4846851 4846863 4846878 4846889 4846898 4846912 4846924 4846933 4846945 4846954 4846967 4846976 4846986 4846994 4847004 4847011 4847020 4847026 4847033 4847041 4847050 4847058 4847066 4847072 4847079 4847087 4847093 4847103 4847109 4847116 4847122 4847129 4847135 4847139 4847144 4847149 4847155 4847161 4847167 4847173 4847180 4847186 4847192 4847197 4847202 4847209 4847215 4847222 4847228 4847233 4847239 4847244 4847249 4847253 4847258 4847262 4847266 4847269 4847274 4847279 4847283 4847287 4847291 4847295 4847300 4847306 4847311 4847315 4847321 4847325 4847328 4847332 4847336 4847342 4847345 4847348 4847351 4847354 4847358 4847361 4847364 4847367 4847371 4847374 4847377 4847382 4847387 4847392 4847396 4847401 4847404 4847407 4847412 4847415 4847418 4847421 4847424 4847426 4847429 4847432 4847435 4847438 4847442 4847445 4847448 4847452 4847455 4847459 4847463 4847466 4847468 4847471 4847473 4847475 4847478 4847480 4847482 4847484 4847486 4847488 4847490 4847492 4847494 4847497 4847499 4847501 4847503 4847504 4847506 4847507 4847508 4847509 4847510 4847511 4847512 4847513 4847515 4847516 4847517 4847518 4847519 4847520 4847521 4847522 4847523 4847524 4847527 4847528 4847529 4847530 4847532 4847534 4847535 4847536 4847537 4847539 4847541 4847542 4847545 4847546 4847547 4847548 4847550 4847551 4847552 4847554 4847555 4847556 4847557 4847558 4847559 4847561 4847562 4847563 4847564 4847565 4847566 4847567 4847568 4847569 4847570 4847571
iter 14: 1042850 1797911 2301151 2657052 2922678 3132689 3302941 3445370 3566711 3671696 3763211 3844263 3916340 3981333 4040135 4093248 4141475 4185874 4226696 4263851 4298061 4329237 4358442 4385423 4410597 4433764 4455496 4475541 4494621 4512299 4528830 4544392 4558763 4572383 4585036 4596943 4608250 4619025 4629028 4638418 4647445 4655715 4663793 4671456 4678424 4685234 4691699 4697734 4703380 4708812 4713943 4718801 4723486 4727915 4732013 4735816 4739592 4743215 4746694 4749934 4753070 4756078 4758919 4761721 4764343 4766836 4769258 4771487 4773534 4775688 4777643 4779579 4781465 4783193 4784905 4786654 4788277 4789727 4791234 4792657 4793986 4795287 4796596 4797811 4798940 4800035 4801093 4802119 4803119 4804125 4805101 4806028 4806936 4807838 4808654 4809488 4810288 4811046 4811865 4812603 4813269 4814011 4814659 4815317 4815983 4816597 4817185 4817813 4818352 4818862 4819424 4819946 4820458 4820945 4821445 4821894 4822328 4822776 4823192 4823597 4824053 4824468 4824848 4825255 4825653 4826033 4826417 4826757 4827161 4827505 4827811 4828155 4828474 4828797 4829099 4829401 4829722 4830006 4830269 4830553 4830861 4831127 4831396 4831661 4831915 4832181 4832431 4832676 4832916 4833141 4833346 4833550 4833771 4833969 4834153 4834337 4834519 4834708 4834890 4835090 4835272 4835444 4835634 4835798 4835964 4836151 4836341 4836505 4836650 4836783 4836940 4837090 4837242 4837398 4837530 4837662 4837790 4837909 4838053 4838193 4838315 4838432 4838563 4838684 4838816 4838963 4839071 4839194 4839309 4839429 4839532 4839629 4839733 4839817 4839918 4840017 4840113 4840205 4840296 4840399 4840480 4840573 4840661 4840753 4840849 4840949 4841033 4841129 4841222 4841301 4841383 4841474 4841546 4841622 4841695 4841775 4841854 4841927 4841997 4842051 4842121 4842203 4842277 4842349 4842418 4842480 4842558 4842623 4842679 4842737 4842797 4842855 4842919 4842975 4843032 4843078 4843137 4843193 4843237 4843295 4843351 4843415 4843471 4843522 4843584 4843644 4843703 4843758 4843815 4843873 4843920 4843984 4844020 4844063 4844109 4844159 4844197 4844237 4844282 4844326 4844372 4844418 4844451 4844494 4844535 4844577 4844627 4844670 4844700 4844739 4844775 4844816 4844857 4844907 4844946 4844985 4845031 4845072 4845107 4845140 4845174 4845213 4845253 4845285 4845320 4845347 4845374 4845404 4845441 4845477 4845505 4845528 4845562 4845592 4845617 4845646 4845674 4845699 4845725 4845750 4845780 4845810 4845844 4845869 4845896 4845926 4845948 4845973 4845994 4846015 4846042 4846071 4846088 4846107 4846129 4846157 4846180 4846201 4846222 4846245 4846268 4846283 4846304 4846332 4846349 4846377 4846402 4846421 4846444 4846471 4846485 4846503 4846523 4846541 4846554 4846566 4846584 4846597 4846612 4846625 4846645 4846660 4846676 4846691 4846704 4846720 4846732 4846748 4846762 4846778 4846790 4846802 4846814 4846828 4846846 4846856 4846869 4846877 4846890 4846901 4846911 4846921 4846932 4846940 4846949 4846959 4846970 4846977 4846985 4846996 4847006 4847016 4847025 4847035 4847043 4847052 4847060 4847068 4847076 4847091 4847100 4847111 4847121 4847128 4847138 4847145 4847154 4847162 4847172 4847181 4847189 4847196 4847205 4847211 4847217 4847224 4847232 4847240 4847245 4847253 4847258 4847265 4847270 4847278 4847285 4847292 4847297 4847302 4847307 4847313 4847318 4847323 4847326 4847331 4847337 4847343 4847346 4847350 4847356 4847361 4847365 4847371 4847376 4847381 4847387 4847392 4847396 4847403 4847408 4847416 4847421 4847427 4847431 4847436 4847440 4847445 4847449 4847455 4847460 4847465 4847470 4847474 4847478 4847481 4847485 4847490 4847494 4847497 4847503 4847505 4847508 4847512 4847515 4847517 4847519 4847523 4847527 4847529 4847531 4847533 4847536 4847538 4847541 4847543 4847545 4847547 4847549 4847551 4847552 4847553 4847555 4847556 4847557 4847558 4847559 4847560 4847561 4847562 4847563 4847564 4847565 4847566 4847567 4847568 4847569 4847570 4847571
iter 15: 1045471 1799231 2301081 2657053 2924483 3134441 3305027 3447321 3568744 3673315 3764881 3845450 3917560 3982141 4040379 4093146 4141416 4185071 4225431 4262657 4297148 4328556 4357744 4385145 4410306 4433853 4455817 4476246 4495233 4513110 4529831 4545382 4559981 4573705 4586365 4598327 4609773 4620236 4630271 4639868 4648750 4656922 4664806 4672274 4679339 4685905 4692309 4698388 4704131 4709590 4714618 4719482 4724220 4728542 4732647 4736597 4740450 4743953 4747358 4750644 4753696 4756612 4759489 4762219 4764772 4767174 4769540 4771898 4774039 4776141 4778181 4780159 4781984 4783735 4785487 4787127 4788676 4790167 4791697 4793105 4794425 4795679 4796947 4798118 4799260 4800335 4801349 4802338 4803327 4804299 4805282 4806168 4807084 4807943 4808774 4809574 4810353 4811185 4811959 4812671 4813395 4814019 4814704 4815344 4815976 4816619 4817162 4817684 4818262 4818867 4819370 4819869 4820369 4820835 4821341 4821832 4822290 4822743 4823155 4823556 4823955 4824348 4824758 4825133 4825529 4825931 4826290 4826654 4826990 4827353 4827687 4828055 4828375 4828691 4829023 4829345 4829674 4829966 4830231 4830538 4830831 4831106 4831389 4831640 4831899 4832139 4832396 4832621 4832851 4833064 4833297 4833508 4833718 4833920 4834121 4834321 4834531 4834731 4834908 4835082 4835270 4835456 4835618 4835798 4835945 4836095 4836242 4836416 4836573 4836726 4836861 4837006 4837173 4837323 4837463 4837618 4837766 4837903 4838052 4838182 4838315 4838446 4838553 4838663 4838788 4838918 4839030 4839130 4839249 4839361 4839491 4839605 4839728 4839843 4839935 4840055 4840158 4840249 4840360 4840444 4840530 4840617 4840721 4840822 4840912 4840999 4841067 4841161 4841262 4841335 4841426 4841501 4841591 4841670 4841739 4841830 4841926 4842002 4842068 4842143 4842225 4842296 4842359 4842424 4842498 4842568 4842631 4842703 4842774 4842843 4842923 4842976 4843039 4843100 4843166 4843224 4843295 4843358 4843418 4843467 4843521 4843582 4843631 4843682 4843745 4843793 4843864 4843913 4843960 4844003 4844045 4844099 4844149 4844192 4844251 4844309 4844357 4844408 4844453 4844504 4844553 4844597 4844645 4844690 4844740 4844775 4844823 4844875 4844918 4844954 4844990 4845028 4845066 4845097 4845138 4845178 4845211 4845252 4845283 4845321 4845359 4845406 4845448 4845481 4845515 4845543 4845583 4845618 4845645 4845672 4845703 4845736 4845767 4845791 4845827 4845857 4845886 4845910 4845946 4845971 4845991 4846022 4846048 4846076 4846099 4846127 4846150 4846172 4846192 4846210 4846236 4846256 4846278 4846299 4846315 4846340 4846358 4846380 4846398 4846421 4846445 4846468 4846490 4846511 4846536 4846558 4846573 4846597 4846617 4846637 4846658 4846680 4846698 4846714 4846735 4846754 4846773 4846789 4846806 4846823 4846837 4846855 4846868 4846885 4846897 4846910 4846922 4846934 4846946 4846964 4846975 4846989 4846998 4847010 4847023 4847030 4847040 4847049 4847058 4847068 4847078 4847085 4847095 4847102 4847112 4847122 4847130 4847139 4847146 4847156 4847165 4847174 4847181 4847188 4847193 4847201 4847208 4847215 4847223 4847230 4847237 4847242 4847252 4847258 4847266 4847272 4847278 4847286 4847293 4847298 4847305 4847311 4847320 4847329 4847336 4847344 4847349 4847358 4847364 4847370 4847376 4847381 4847387 4847394 4847400 4847406 4847412 4847418 4847422 4847426 4847431 4847437 4847443 4847447 4847452 4847457 4847461 4847464 4847468 4847474 4847478 4847481 4847485 4847488 4847492 4847495 4847498 4847502 4847506 4847508 4847510 4847513 4847515 4847517 4847521 4847523 4847525 4847527 4847529 4847531 4847533 4847535 4847538 4847540 4847542 4847544 4847546 4847548 4847550 4847551 4847552 4847553 4847554 4847555 4847556 4847557 4847559 4847560 4847561 4847562 4847563 4847565 4847566 4847567 4847568 4847569 4847570 4847571
iter 16: 1049306 1801180 2304213 2660133 2926069 3135721 3305877 3447629 3567642 3672545 3763698 3844733 3917294 3982497 4040638 4093559 4141616 4185773 4226603 4263829 4298322 4329819 4359209 4386016 4411680 4434980 4456974 4477296 4496315 4513948 4530490 4545915 4560339 4573832 4586432 4598478 4609817 4620373 4630440 4639704 4648426 4656692 4664722 4672220 4679308 4686065 4692319 4698321 4703986 4709306 4714407 4719310 4723864 4728087 4732228 4736117 4739857 4743333 4746724 4749900 4752975 4755916 4758747 4761507 4763997 4766545 4768955 4771187 4773439 4775595 4777725 4779666 4781584 4783429 4785077 4786727 4788285 4789813 4791292 4792673 4794055 4795319 4796484 4797725 4798853 4799916 4801078 4802047 4803024 4804036 4805001 4805916 4806862 4807700 4808552 4809352 4810141 4810947 4811717 4812457 4813208 4813892 4814532 4815209 4815862 4816434 4817044 4817599 4818155 4818729 4819265 4819755 4820283 4820812 4821317 4821797 4822257 4822674 4823110 4823556 4823967 4824389 4824774 4825179 4825573 4825948 4826307 4826653 4827020 4827367 4827693 4828028 4828363 4828682 4828957 4829257 4829583 4829899 4830179 4830449 4830728 4831010 4831264 4831539 4831771 4832007 4832243 4832498 4832713 4832959 4833169 4833392 4833608 4833816 4834005 4834225 4834431 4834631 4834811 4835007 4835188 4835364 4835528 4835704 4835850 4836025 4836194 4836350 4836497 4836655 4836791 4836926 4837066 4837206 4837338 4837477 4837631 4837759 4837896 4838031 4838173 4838287 4838383 4838538 4838678 4838807 4838911 4839044 4839169 4839289 4839387 4839485 4839621 4839745 4839844 4839952 4840077 4840173 4840258 4840359 4840476 4840592 4840692 4840794 4840892 4840991 4841091 4841194 4841280 4841357 4841424 4841506 4841589 4841674 4841751 4841834 4841910 4841997 4842074 4842150 4842235 4842306 4842382 4842455 4842521 4842584 4842647 4842711 4842794 4842863 4842938 4843001 4843058 4843114 4843181 4843237 4843287 4843343 4843399 4843462 4843521 4843579 4843629 4843694 4843742 4843799 4843846 4843904 4843955 4844004 4844068 4844118 4844178 4844232 4844293 4844345 4844397 4844454 4844498 4844546 4844593 4844638 4844675 4844718 4844767 4844808 4844843 4844884 4844914 4844951 4844986 4845030 4845072 4845110 4845145 4845187 4845218 4845260 4845303 4845347 4845378 4845415 4845447 4845486 4845518 4845559 4845595 4845627 4845661 4845689 4845723 4845754 4845785 4845816 4845848 4845876 4845905 4845934 4845964 4845986 4846012 4846046 4846065 4846093 4846113 4846135 4846161 4846187 4846208 4846230 4846250 4846266 4846288 4846305 4846321 4846338 4846358 4846379 4846394 4846415 4846434 4846450 4846472 4846492 4846508 4846522 4846543 4846564 4846581 4846594 4846608 4846626 4846647 4846667 4846679 4846697 4846713 4846731 4846744 4846758 4846771 4846784 4846799 4846816 4846828 4846844 4846859 4846877 4846893 4846908 4846916 4846925 4846936 4846946 4846958 4846967 4846978 4846993 4847004 4847017 4847028 4847037 4847046 4847058 4847067 4847079 4847088 4847096 4847110 4847121 4847130 4847137 4847145 4847157 4847167 4847174 4847182 4847191 4847201 4847208 4847216 4847223 4847231 4847236 4847243 4847248 4847253 4847258 4847265 4847270 4847275 4847279 4847284 4847290 4847294 4847300 4847304 4847310 4847314 4847319 4847328 4847333 4847338 4847342 4847348 4847352 4847359 4847364 4847368 4847374 4847379 4847383 4847387 4847393 4847397 4847404 4847408 4847413 4847419 4847423 4847428 4847433 4847439 4847443 4847448 4847452 4847457 4847464 4847468 4847472 4847476 4847481 4847485 4847489 4847495 4847500 4847505 4847509 4847513 4847516 4847519 4847521 4847523 4847525 4847528 4847530 4847532 4847533 4847534 4847535 4847536 4847539 4847540 4847541 4847542 4847543 4847544 4847546 4847547 4847548 4847549 4847550 4847551 4847552 4847553 4847554 4847555 4847556 4847557 4847558 4847559 4847560 4847561 4847562 4847563 4847564 4847565 4847566 4847567 4847568 4847569 4847570 4847571
iter 17: 1046170 1798966 2301609 2656494 2921925 3130920 3301387 3441991 3563193 3668458 3759812 3841332 3914238 3978933 4037871 4090865 4139445 4183636 4224490 4262089 4296238 4327891 4357067 4384533 4409621 4433062 4454892 4475039 4493881 4511855 4528342 4543688 4558124 4571763 4584756 4596964 4608403 4618986 4629082 4638530 4647644 4656034 4663915 4671539 4678815 4685651 4691939 4698100 4703647 4709015 4714319 4719303 4724078 4728515 4732574 4736539 4740240 4743676 4747084 4750393 4753537 4756553 4759390 4762136 4764788 4767230 4769558 4771772 4773938 4776038 4778034 4779897 4781773 4783514 4785212 4786870 4788389 4789891 4791344 4792787 4794129 4795374 4796641 4797878 4799083 4800245 4801365 4802432 4803457 4804452 4805437 4806374 4807263 4808162 4808995 4809812 4810611 4811393 4812178 4812870 4813573 4814251 4814912 4815544 4816144 4816731 4817322 4817856 4818417 4818980 4819530 4820076 4820560 4821043 4821516 4821975 4822440 4822895 4823307 4823758 4824145 4824534 4824936 4825326 4825706 4826048 4826395 4826763 4827074 4827414 4827772 4828086 4828402 4828702 4829011 4829277 4829576 4829872 4830181 4830424 4830695 4830945 4831199 4831459 4831700 4831956 4832201 4832408 4832624 4832831 4833054 4833272 4833497 4833719 4833923 4834108 4834278 4834465 4834687 4834870 4835062 4835261 4835422 4835577 4835730 4835889 4836054 4836222 4836379 4836537 4836690 4836837 4836983 4837132 4837269 4837401 4837538 4837684 4837812 4837961 4838092 4838210 4838355 4838495 4838615 4838732 4838844 4838965 4839077 4839186 4839294 4839407 4839508 4839639 4839742 4839860 4839970 4840081 4840169 4840271 4840362 4840460 4840558 4840666 4840753 4840848 4840937 4841039 4841141 4841222 4841298 4841389 4841473 4841550 4841634 4841700 4841777 4841862 4841923 4842005 4842079 4842146 4842222 4842286 4842357 4842426 4842496 4842564 4842635 4842693 4842757 4842807 4842877 4842950 4843011 4843073 4843122 4843184 4843241 4843299 4843357 4843402 4843449 4843507 4843564 4843616 4843654 4843700 4843750 4843806 4843858 4843905 4843957 4844003 4844052 4844100 4844151 4844195 4844233 4844276 4844320 4844368 4844411 4844455 4844500 4844555 4844599 4844640 4844680 4844720 4844752 4844782 4844815 4844855 4844893 4844933 4844969 4845004 4845038 4845067 4845101 4845134 4845171 4845202 4845233 4845269 4845303 4845336 4845362 4845401 4845438 4845467 4845500 4845524 4845551 4845580 4845610 4845635 4845661 4845695 4845734 4845753 4845784 4845809 4845834 4845859 4845890 4845914 4845934 4845958 4845982 4846006 4846030 4846055 4846080 4846109 4846134 4846153 4846177 4846203 4846222 4846242 4846267 4846286 4846309 4846330 4846351 4846367 4846383 4846400 4846416 4846433 4846451 4846473 4846498 4846517 4846533 4846552 4846567 4846585 4846602 4846617 4846632 4846645 4846658 4846677 4846689 4846705 4846718 4846730 4846740 4846750 4846761 4846772 4846781 4846792 4846801 4846809 4846817 4846829 4846838 4846852 4846866 4846877 4846888 4846895 4846905 4846915 4846925 4846936 4846946 4846955 4846964 4846977 4846987 4846996 4847008 4847016 4847024 4847032 4847041 4847046 4847054 4847061 4847068 4847074 4847083 4847092 4847097 4847106 4847111 4847117 4847123 4847128 4847134 4847140 4847145 4847151 4847160 4847164 4847172 4847178 4847184 4847191 4847196 4847201 4847208 4847214 4847218 4847225 4847231 4847236 4847242 4847247 4847251 4847257 4847261 4847266 4847274 4847279 4847284 4847289 4847293 4847299 4847304 4847308 4847315 4847320 4847324 4847327 4847330 4847334 4847337 4847341 4847345 4847349 4847353 4847358 4847362 4847365 4847369 4847373 4847377 4847380 4847384 4847388 4847392 4847396 4847399 4847402 4847406 4847409 4847412 4847415 4847418 4847421 4847424 4847428 4847433 4847436 4847439 4847443 4847447 4847450 4847454 4847457 4847461 4847468 4847472 4847475 4847478 4847481 4847485 4847489 4847492 4847495 4847498 4847501 4847505 4847509 4847512 4847514 4847517 4847519 4847522 4847524 4847526 4847529 4847532 4847536 4847538 4847540 4847542 4847545 4847548 4847549 4847550 4847551 4847552 4847554 4847555 4847556 4847557 4847558 4847560 4847561 4847562 4847563 4847564 4847565 4847566 4847567 4847568 4847569 4847570 4847571
iter 18: 1044759 1797060 2298941 2655287 2921592 3130741 3300399 3442216 3563282 3668264 3760711 3842351 3915179 3980324 4038699 4092084 4140662 4185251 4225760 4262712 4297110 4328962 4358269 4385135 4410258 4433630 4455593 4475870 4494759 4512423 4529011 4544618 4559041 4572794 4585650 4597705 4609075 4619746 4629799 4639178 4647997 4656578 4664470 4671953 4679163 4685848 4692120 4698139 4703681 4709064 4714119 4719017 4723651 4728165 4732329 4736185 4739916 4743586 4747020 4750312 4753357 4756265 4759084 4761790 4764400 4766842 4769270 4771524 4773690 4775757 4777695 4779562 4781436 4783205 4784934 4786630 4788218 4789695 4791106 4792456 4793828 4795228 4796534 4797702 4798874 4800008 4801118 4802138 4803162 4804088 4805060 4805986 4806874 4807741 4808598 4809402 4810258 4811061 4811800 4812521 4813255 4813978 4814657 4815361 4816047 4816730 4817346 4817937 4818486 4819106 4819575 4820113 4820606 4821139 4821660 4822124 4822592 4822986 4823475 4823901 4824312 4824702 4825111 4825524 4825914 4826304 4826666 4827004 4827381 4827734 4828036 4828382 4828712 4829050 4829382 4829675 4829951 4830254 4830547 4830802 4831041 4831332 4831587 4831851 4832101 4832346 4832574 4832773 4832994 4833204 4833432 4833634 4833837 4834041 4834275 4834481 4834685 4834912 4835093 4835269 4835438 4835623 4835785 4835950 4836111 4836271 4836421 4836590 4836749 4836889 4837038 4837190 4837339 4837490 4837627 4837769 4837925 4838070 4838197 4838337 4838448 4838606 4838734 4838860 4838985 4839101 4839218 4839335 4839452 4839568 4839688 4839800 4839890 4839998 4840100 4840195 4840291 4840407 4840515 4840594 4840694 4840786 4840873 4840960 4841060 4841154 4841242 4841324 4841401 4841493 4841578 4841659 4841746 4841830 4841913 4841996 4842079 4842158 4842236 4842303 4842371 4842439 4842522 4842587 4842649 4842711 4842772 4842834 4842894 4842958 4843032 4843104 4843163 4843223 4843279 4843336 4843388 4843440 4843496 4843549 4843609 4843659 4843700 4843758 4843812 4843866 4843910 4843963 4844017 4844067 4844116 4844169 4844217 4844269 4844318 4844363 4844411 4844455 4844494 4844539 4844590 4844635 4844677 4844724 4844755 4844795 4844833 4844870 4844909 4844952 4844989 4845029 4845072 4845104 4845136 4845169 4845206 4845240 4845272 4845304 4845337 4845377 4845406 4845442 4845475 4845505 4845528 4845559 4845584 4845611 4845636 4845669 4845692 4845715 4845742 4845773 4845801 4845829 4845857 4845887 4845912 4845936 4845968 4845996 4846021 4846042 4846067 4846090 4846113 4846141 4846163 4846184 4846204 4846219 4846237 4846257 4846273 4846290 4846308 4846331 4846350 4846369 4846389 4846411 4846431 4846450 4846467 4846484 4846504 4846523 4846544 4846561 4846577 4846594 4846606 4846617 4846630 4846644 4846657 4846669 4846683 4846697 4846706 4846715 4846729 4846741 4846752 4846767 4846779 4846789 4846803 4846815 4846826 4846839 4846852 4846866 4846875 4846885 4846894 4846904 4846918 4846926 4846934 4846945 4846956 4846965 4846975 4846985 4846991 4846998 4847004 4847013 4847022 4847031 4847040 4847048 4847055 4847066 4847074 4847087 4847095 4847106 4847115 4847123 4847131 4847139 4847147 4847156 4847165 4847173 4847183 4847188 4847194 4847200 4847205 4847214 4847220 4847225 4847232 4847236 4847240 4847245 4847250 4847256 4847260 4847266 4847270 4847275 4847281 4847286 4847291 4847296 4847300 4847305 4847310 4847315 4847321 4847325 4847330 4847334 4847338 4847342 4847345 4847349 4847353 4847356 4847359 4847362 4847365 4847368 4847371 4847374 4847377 4847380 4847384 4847387 4847390 4847394 4847398 4847401 4847405 4847408 4847411 4847414 4847417 4847420 4847424 4847427 4847430 4847433 4847436 4847439 4847442 4847445 4847448 4847451 4847454 4847458 4847461 4847465 4847468 4847471 4847476 4847479 4847483 4847488 4847491 4847494 4847497 4847499 4847501 4847503 4847505 4847507 4847510 4847512 4847514 4847516 4847518 4847520 4847522 4847524 4847526 4847528 4847530 4847531 4847532 4847533 4847534 4847535 4847536 4847537 4847538 4847539 4847540 4847541 4847542 4847543 4847544 4847545 4847546 4847547 4847548 4847549 4847550 4847551 4847552 4847553 4847554 4847555 4847556 4847557 4847558 4847559 4847560 4847561 4847562 4847563 4847564 4847565 4847566 4847567 4847568 4847570 4847571
iter 19: 1046239 1798210 2299573 2654850 2921354 3130821 3300600 3442165 3563581 3668719 3760607 3841297 3913602 3978988 4038201 4091849 4140013 4184174 4224725 4261714 4296088 4327564 4356782 4384250 4409281 4432589 4454378 4474757 4493769 4511418 4528139 4543697 4558089 4571840 4584680 4596866 4608214 4618855 4628889 4638357 4647261 4655618 4663602 4671217 4678267 4684932 4691310 4697461 4703131 4708553 4713740 4718571 4723148 4727470 4731513 4735603 4739384 4742986 4746454 4749739 4752867 4755894 4758792 4761507 4764151 4766607 4768964 4771264 4773492 4775649 4777706 4779622 4781562 4783309 4785076 4786747 4788263 4789796 4791215 4792534 4793888 4795205 4796476 4797725 4798925 4800086 4801247 4802339 4803399 4804362 4805366 4806287 4807187 4808060 4808921 4809750 4810554 4811336 4812091 4812809 4813499 4814177 4814884 4815528 4816143 4816730 4817316 4817922 4818474 4819033 4819571 4820063 4820539 4821060 4821558 4822032 4822516 4822974 4823421 4823855 4824263 4824637 4825036 4825460 4825832 4826209 4826579 4826963 4827281 4827614 4827917 4828256 4828587 4828919 4829230 4829549 4829855 4830125 4830394 4830700 4830982 4831269 4831546 4831804 4832065 4832291 4832534 4832767 4832985 4833202 4833437 4833678 4833914 4834139 4834358 4834542 4834732 4834915 4835093 4835279 4835468 4835627 4835811 4836011 4836191 4836343 4836511 4836656 4836815 4836970 4837133 4837272 4837415 4837585 4837739 4837876 4837996 4838122 4838251 4838387 4838533 4838676 4838785 4838914 4839043 4839154 4839282 4839395 4839509 4839638 4839758 4839874 4839978 4840075 4840173 4840283 4840390 4840490 4840595 4840695 4840798 4840884 4840974 4841073 4841170 4841255 4841337 4841424 4841523 4841607 4841689 4841773 4841852 4841948 4842043 4842112 4842186 4842265 4842347 4842413 4842481 4842563 4842620 4842688 4842749 4842807 4842878 4842935 4843000 4843070 4843130 4843187 4843260 4843328 4843380 4843435 4843482 4843544 4843606 4843667 4843718 4843767 4843824 4843870 4843919 4843975 4844029 4844080 4844126 4844184 4844228 4844276 4844327 4844380 4844422 4844473 4844518 4844565 4844602 4844641 4844674 4844717 4844755 4844793 4844819 4844855 4844894 4844926 4844964 4844995 4845034 4845058 4845096 4845122 4845163 4845189 4845224 4845256 4845296 4845329 4845368 4845401 4845427 4845456 4845483 4845510 4845530 4845553 4845573 4845596 4845622 4845650 4845681 4845705 4845732 4845760 4845789 4845816 4845837 4845863 4845887 4845910 4845938 4845964 4845985 4846013 4846032 4846063 4846083 4846107 4846124 4846146 4846165 4846191 4846206 4846222 4846243 4846265 4846283 4846304 4846321 4846341 4846361 4846381 4846398 4846416 4846432 4846449 4846464 4846479 4846492 4846508 4846528 4846545 4846561 4846577 4846593 4846612 4846627 4846647 4846661 4846675 4846691 4846710 4846723 4846741 4846754 4846768 4846777 4846790 4846804 4846816 4846828 4846842 4846857 4846869 4846881 4846894 4846908 4846921 4846935 4846947 4846959 4846969 4846980 4846990 4847003 4847013 4847022 4847035 4847048 4847059 4847071 4847082 4847093 4847106 4847113 4847123 4847131 4847140 4847146 4847155 4847166 4847172 4847179 4847185 4847191 4847199 4847206 4847215 4847220 4847226 4847234 4847239 4847247 4847253 4847262 4847268 4847274 4847284 4847292 4847298 4847305 4847312 4847318 4847325 4847329 4847336 4847341 4847347 4847350 4847354 4847357 4847360 4847362 4847364 4847366 4847368 4847370 4847372 4847374 4847376 4847378 4847380 4847382 4847384 4847386 4847388 4847392 4847395 4847398 4847400 4847402 4847404 4847406 4847408 4847410 4847414 4847416 4847418 4847420 4847422 4847424 4847426 4847428 4847430 4847432 4847434 4847437 4847439 4847441 4847443 4847445 4847447 4847449 4847451 4847453 4847455 4847456 4847457 4847458 4847459 4847461 4847462 4847463 4847464 4847465 4847468 4847469 4847470 4847472 4847473 4847474 4847475 4847476 4847478 4847480 4847481 4847483 4847484 4847486 4847487 4847489 4847490 4847492 4847494 4847495 4847496 4847497 4847498 4847499 4847502 4847503 4847504 4847505 4847506 4847507 4847508 4847509 4847510 4847511 4847513 4847514 4847515 4847516 4847517 4847518 4847520 4847521 4847523 4847524 4847526 4847527 4847528 4847529 4847530 4847531 4847532 4847533 4847534 4847535 4847537 4847539 4847541 4847542 4847543 4847544 4847545 4847546 4847547 4847548 4847549 4847550 4847551 4847552 4847553 4847554 4847557 4847558 4847559 4847560 4847561 4847562 4847563 4847564 4847566 4847567 4847568 4847569 4847570 4847571

Test time [ms]:4135.49
Program duration [ms]: 49926.7